2 -1.74526 30462.7 -0.911121 8302.28 0.911121 3.19876 0.867621
2.01 -1.73811 30213.7 -0.907911 8243.92 0.907911 3.27611 0.890464
2.02 -1.73101 29967.3 0.904724 8186.22 0.904724 3.37766 0.957854
2.03 -1.723 29690.7 -0.900833 8116.06 0.900833 3.53157 1.06675
2.04 -1.71459 29401.8 0.896501 8038.3 0.896501 3.5678 1.16074
2.05 -1.70674 29133.5 0.892651 7969.54 0.892651 3.76153 1.27914
2.06 -1.69832 28846.8 -0.888526 7896.11 0.888526 3.83823 1.33139
2.07 -1.68955 28549.7 -0.883557 7808.57 0.883557 4.02907 1.84448
2.08 -1.68053 28246 0.879036 7728.73 0.879036 4.18833 1.69212
2.09 -1.67136 27938.9 -0.873843 7637.99 0.873843 4.37328 1.96945
2.1 -1.66065 27582.9 0.857772 7410.05 0.857772 5.45966 52.3199
2.11 -1.65198 27295.1 0.862741 7445.55 0.862741 4.65109 2.32596
2.12 -1.64275 26990.9 0.857215 7350.84 0.857215 4.8185 2.65383
2.13 -1.63169 26629 0.850197 7231.34 0.850197 4.98714 2.98859
2.14 -1.62075 26273.4 0.842745 7105.75 0.842745 5.21949 3.56896
2.15 -1.6094 25907 0.835661 6987.13 0.835661 5.47959 3.83436
2.16 -1.59813 25545.9 -0.827133 6846.52 0.827133 5.77927 5.02015
2.17 -1.57876 24934.7 0.756745 6093.69 0.758979 9.98864 333.196
2.18 -1.57366 24770.4 -0.809337 6556.36 0.809337 6.36139 6.09701
2.19 -1.56066 24363.5 -0.796639 6357.16 0.796639 6.83802 10.8207
2.2 -1.54604 23909.5 -0.785341 6177.04 0.785341 7.10918 9.43544
2.21 -1.53115 23451.7 0.768815 5923.92 0.768815 7.38771 13.1647
2.22 -1.51617 22996 -0.75211 5680.32 0.75211 8.19389 23.6321
2.23 -1.50081 22533.4 -0.732616 5408.17 0.732616 9.09044 40.9098
2.24 -1.48204 21973.2 -0.710667 5077.22 0.710667 8.80574 26.7392
2.25 -1.45478 21176.4 -0.209978 4048.82 0.619413 12.6483 212.098
2.26 -1.4425 20819.6 -0.636163 4144.11 0.636163 11.4832 97.0707
2.27 -1.42021 20182.6 0.382373 3572.55 0.58339 12.6601 169.106
2.28 -1.39961 19600.8 0.53567 3054.23 0.53578 11.625 183.621
2.29 -1.36599 18672.5 0.120752 1699.66 0.351326 13.2777 465.366
2.3 -1.34711 18157.5 -0.103462 1348.59 0.320035 10.5724 324.369
