2.2 -1.5472 23945.3 0.785395 6179.2 0.785395 7.03632 10.7447
2.21 -1.53232 23487.8 -0.770245 5948.68 0.770245 7.63297 15.9029
2.22 -1.51714 23025.1 -0.755813 5728.99 0.755813 7.9178 16.4497
2.23 -1.50139 22550.2 -0.737939 5467.32 0.737939 8.35608 21.7845
2.24 -1.48195 21971.4 -0.704229 5011.09 0.704229 9.57622 51.7068
2.25 -1.46469 21463.3 0.683221 4721.9 0.683221 10.0002 53.9938
2.26 -1.43709 20665.4 0.299049 3721.95 0.582569 12.9681 328.088
2.27 -1.42024 20182.5 -0.587851 3582.93 0.587851 11.7455 127.235
2.28 -1.39608 19502.9 -0.00193985 2866.29 0.5134 12.6598 230.5
2.29 -1.36986 18778.4 0.150911 2091.5 0.418193 13.0909 342.645
2.3 -1.35009 18238.1 0.0913812 1556.94 0.357257 10.7554 280.612
2.31 -1.33059 17715.2 0.125423 1157.32 0.294187 10.5373 291.86
2.32 -1.31187 17219.7 -0.0313431 811.454 0.239741 9.6013 236.699
2.33 -1.29504 16779.8 0.00163959 565.038 0.197887 8.55785 173.445
2.34 -1.27809 16343 0.00200255 374.215 0.156347 7.78519 129.772
2.35 -1.26505 16011.2 0.00973145 365.545 0.157476 7.65955 117.557
2.36 -1.25268 15699.5 -0.00692725 277.008 0.13041 7.5164 106.94
2.37 -1.23877 15352.6 -0.0085989 214.99 0.11857 7.14353 74.4011
2.38 -1.22719 15067 0.0335447 222.81 0.119652 7.03405 79.6432
2.39 -1.21441 14754.7 -0.010966 178.237 0.107314 6.85373 63.0734
2.4 -1.20451 14515 -0.00567652 180.001 0.10807 6.46455 63.2097
