2.2 -1.54805 23971.6 -0.78866 6227.8 0.78866 6.86526 7.9509
2.21 -1.53029 23425.8 0.766929 5896.26 0.766929 7.80502 14.4659
2.22 -1.51692 23018.3 0.75378 5698.97 0.75378 7.8944 17.1282
2.23 -1.50017 22513.5 0.733052 5399.64 0.733052 8.47192 25.9865
2.24 -1.48296 22001 0.712241 5108.36 0.712241 9.1918 35.4822
2.25 -1.46138 21367.8 -0.662262 4504.02 0.662262 11.5207 118.109
2.26 -1.44345 20846.8 0.634509 4163.57 0.63466 11.2213 135.635
2.27 -1.42228 20240.5 -0.0434054 3590.93 0.584705 11.7009 172.121
2.28 -1.39816 19561.8 -0.215859 2922.93 0.516473 13.3741 255.488
2.29 -1.36838 18737.2 -0.223141 1867.53 0.388211 12.4621 360.452
2.3 -1.35067 18254.6 0.219135 1598.49 0.358445 11.593 313.66
2.31 -1.3252 17571 0.00619641 844.737 0.244206 9.6134 248.37
2.32 -1.31261 17238.7 0.0188523 875.261 0.25272 9.22357 236.586
2.33 -1.29343 16738.1 0.073853 556.4 0.190448 8.61002 193.697
2.34 -1.27777 16334.6 -0.0421533 345.697 0.151004 7.53522 117.674
2.35 -1.26617 16039.6 0.0419542 420.583 0.170605 7.73812 129.522
2.36 -1.25283 15703 0.0134122 273.21 0.132037 7.31138 98.8709
2.37 -1.23882 15353.9 -0.00235969 219.662 0.119683 7.0438 76.4219
2.38 -1.22691 15060.2 -0.00689784 206.016 0.112734 7.14809 78.9256
2.39 -1.21543 14779.4 0.00311853 190.247 0.112865 6.74993 62.8615
2.4 -1.20438 14511.9 0.0171115 177.749 0.107823 6.67459 61.4904
