2 -1.74538 4877.16 -0.911247 1329.38 0.911247 2.98709 0.783339
2.01 -1.73868 4839.84 -0.908222 1320.63 0.908222 3.03394 0.838899
2.02 -1.73148 4799.95 0.905053 1311.47 0.905053 3.12383 0.880545
2.03 -1.72221 4748.88 0.9003 1297.88 0.9003 3.28062 1.02157
2.04 -1.71481 4708.23 0.896892 1288.09 0.896892 3.34198 1.02404
2.05 -1.70621 4661.48 -0.89212 1274.76 0.89212 3.61648 1.35179
2.06 -1.69862 4620.11 -0.888902 1265.5 0.888902 3.61758 1.26443
2.07 -1.68953 4571.04 0.88351 1250.51 0.88351 3.84188 1.56431
2.08 -1.68022 4521.01 0.878775 1237.24 0.878775 3.99603 1.64884
2.09 -1.67194 4476.72 0.874303 1224.88 0.874303 4.12377 1.8291
2.1 -1.66239 4425.89 -0.869162 1210.65 0.869162 4.21519 1.94323
2.11 -1.65375 4380.25 -0.864296 1197.35 0.864296 4.42452 2.14148
2.12 -1.64315 4324.48 -0.857821 1179.71 0.857821 4.56204 2.34048
2.13 -1.63308 4271.94 0.852018 1164.28 0.852018 4.79147 2.78135
2.14 -1.62078 4208.12 0.843821 1142.23 0.843821 5.04747 2.97658
2.15 -1.61102 4157.86 -0.836767 1124.1 0.836767 5.26308 3.81076
2.16 -1.5987 4094.84 0.829231 1104.05 0.829231 5.48519 3.85357
2.17 -1.58564 4028.74 0.818415 1076.99 0.818415 5.92878 5.30599
2.18 -1.57205 3960.51 -0.806389 1047.83 0.806389 6.35184 7.40987
2.19 -1.55838 3892.4 0.294478 1013.44 0.791512 6.7057 11.0564
2.2 -1.54673 3834.69 -0.784812 995.152 0.784812 6.87617 9.66394
2.21 -1.53199 3762.42 0.636684 962.937 0.770289 7.24824 13.5847
2.22 -1.51874 3698.08 0.374261 935.925 0.758977 7.56029 14.2523
2.23 -1.50067 3611.56 -0.0613634 888.954 0.736957 8.33696 19.9853
2.24 -1.48444 3534.67 0.714995 845.722 0.715623 8.95787 26.3351
2.25 -1.46462 3441.46 -0.49568 788.496 0.687093 9.27109 33.1403
2.26 -1.44408 3346.39 0.283346 736.672 0.660642 9.7875 38.3541
2.27 -1.42853 3275.12 -0.497901 693.679 0.638493 9.99712 41.4025
2.28 -1.40884 3186.14 0.108932 634.238 0.601143 10.3909 56.041
2.29 -1.38759 3091.28 -0.149377 564.271 0.556727 10.639 68.3582
2.3 -1.37492 3035.34 0.133227 550.762 0.553637 10.678 60.3395
