2.2 -1.54411 3822.02 -0.054543 987.746 0.779827 7.16973 14.7392
2.21 -1.53126 3758.69 0.715827 960.274 0.769497 7.09551 12.8723
2.22 -1.51431 3676.91 -0.45128 915.66 0.748716 7.89343 18.74
2.23 -1.50392 3626.73 -0.459678 902.46 0.744113 7.88167 16.5337
2.24 -1.48245 3525.2 0.246733 831.55 0.707731 8.93269 30.1363
2.25 -1.46642 3450.2 -0.686691 795.345 0.689837 9.56238 33.9459
2.26 -1.44478 3349.82 -0.0712007 735.108 0.657986 9.99212 42.3947
2.27 -1.42725 3269.2 0.30607 687.989 0.633403 9.95406 46.0699
2.28 -1.40912 3187.48 -0.291249 639.731 0.605456 10.4967 53.2078
2.29 -1.38716 3089.47 0.162637 564.217 0.557713 10.7329 66.5477
2.3 -1.36788 3004.19 0.0609599 510.328 0.525698 10.4409 68.155
2.31 -1.34785 2917.24 0.0784692 451.645 0.486907 10.5278 72.32
2.32 -1.33155 2847.14 0.0882398 419.753 0.468952 10.3003 67.8872
2.33 -1.30182 2721.2 -0.02822 307.054 0.379977 9.61525 76.0421
2.34 -1.2977 2703.85 0.0014665 340.744 0.413297 9.4071 67.4404
2.35 -1.27716 2618.7 0.000764293 278.183 0.365279 8.86842 64.6974
2.36 -1.25907 2544.58 0.0644993 230.891 0.328527 8.16331 58.2031
2.37 -1.24664 2494.39 0.00536673 207.967 0.307595 7.80344 56.5843
2.38 -1.23088 2431.7 -0.0247698 183.112 0.285647 7.61511 52.5609
2.39 -1.21516 2369.27 -0.00937904 142.87 0.2497 6.69244 43.1103
2.4 -1.21066 2352.31 -0.0214094 158.472 0.2638 7.2029 47.1267
