2 -1.74521 10967.8 0.910882 2987.79 0.910882 2.99703 0.844861
2.01 -1.73826 10880.7 -0.907951 2968.6 0.907951 3.07216 0.855406
2.02 -1.73077 10787.2 -0.904494 2946.11 0.904494 3.18918 0.920475
2.03 -1.72287 10689.2 0.900536 2920.53 0.900536 3.36938 1.05635
2.04 -1.71551 10598.2 0.897219 2899.1 0.897219 3.44689 1.08888
2.05 -1.70689 10492.1 0.89273 2870.29 0.89273 3.57669 1.20909
2.06 -1.69855 10390 0.888505 2843.32 0.888505 3.69219 1.33088
2.07 -1.69002 10286.1 -0.884347 2816.85 0.884347 3.82389 1.40335
2.08 -1.68107 10177.5 -0.87927 2784.92 0.87927 4.00525 1.70784
2.09 -1.67177 10065.6 0.873929 2751.38 0.873929 4.21316 1.87776
2.1 -1.66157 9943.31 -0.868209 2715.76 0.868209 4.368 2.12506
2.11 -1.65231 9832.99 0.863154 2684.38 0.863154 4.50834 2.25703
2.12 -1.641 9699.2 0.855783 2639.15 0.855783 4.77289 2.63707
2.13 -1.63098 9581.28 -0.849308 2599.84 0.849308 4.94366 3.07848
2.14 -1.62199 9476.25 0.844653 2571.54 0.844653 5.13823 3.16549
2.15 -1.61002 9337.05 0.836514 2522.81 0.836514 5.2388 3.6874
2.16 -1.59749 9192.84 0.82685 2466.16 0.82685 5.71448 4.90363
2.17 -1.58585 9059.5 -0.818809 2418.78 0.818809 5.83808 5.16894
2.18 -1.57401 8925.07 -0.810103 2368.42 0.810103 6.0274 5.85487
2.19 -1.5594 8760.71 -0.795941 2288.63 0.795941 6.45399 7.95051
2.2 -1.54696 8621.78 -0.786699 2237.27 0.786699 6.69781 9.24637
2.21 -1.53114 8447.1 0.769679 2144.47 0.769679 7.25934 11.8117
2.22 -1.51382 8258.66 0.740944 2017.3 0.741583 8.6875 37.499
2.23 -1.50192 8128.73 0.7385 1983.93 0.7385 8.01438 20.5575
2.24 -1.48242 7920.16 -0.712164 1852.55 0.712164 8.88422 26.705
2.25 -1.46302 7715.76 0.292048 1702.86 0.675909 10.191 58.1922
2.26 -1.44284 7504.99 -0.299748 1540.31 0.636027 10.5895 84.004
2.27 -1.42048 7275.63 0.47741 1368.95 0.592799 11.6595 103.875
2.28 -1.39796 7047.63 -0.0663177 1185.73 0.541574 12.1297 129.836
2.29 -1.37795 6847.05 0.215943 1030.54 0.499636 11.5307 131.85
2.3 -1.36507 6719.75 0.288689 999.473 0.492321 11.4928 126.905
