2.2 -1.54628 8614.55 -0.782759 2219.39 0.782759 7.0052 13.6274
2.21 -1.53389 8477.08 0.776429 2179.18 0.776429 6.94283 8.9512
2.22 -1.5203 8328.06 -0.764471 2114.59 0.764471 7.29654 10.6905
2.23 -1.50285 8138.88 0.742094 2000.3 0.742094 8.0934 17.766
2.24 -1.48259 7922.11 -0.705319 1852.27 0.707898 9.06321 48.2405
2.25 -1.46529 7738.86 -0.0155619 1736.45 0.683393 9.39948 55.1557
2.26 -1.44178 7494.03 0.110899 1533.62 0.635241 10.6021 80.9097
2.27 -1.41828 7253.45 0.164859 1318.33 0.576523 11.9448 121.766
2.28 -1.40182 7086.35 0.324406 1248.36 0.559833 11.9536 120.072
2.29 -1.38391 6906.2 -0.41396 1116.78 0.525138 11.4279 124.009
2.3 -1.35904 6660.87 0.391032 898.038 0.457001 11.713 146.18
2.31 -1.33127 6390.28 0.0765841 626.753 0.367206 10.1171 141.327
2.32 -1.31483 6233.27 0.0559362 556.699 0.343011 9.66359 133.135
2.33 -1.29668 6061.56 0.00835973 445.654 0.303695 8.56603 113.623
2.34 -1.28215 5926.62 0.054036 354.519 0.263317 8.55619 104.909
2.35 -1.26927 5808.36 0.00629768 348.036 0.256932 8.6291 110.386
2.36 -1.25386 5667.51 -0.0283753 280.561 0.23121 7.7115 88.111
2.37 -1.24055 5547.43 0.00391194 219.765 0.204517 7.14063 69.1874
2.38 -1.22835 5438.92 0.00661498 205.262 0.197536 7.09752 64.7888
2.39 -1.21638 5333.29 -0.0005187 181.233 0.184582 6.75935 58.579
2.4 -1.20242 5211.48 -0.00710423 140.496 0.159961 6.55158 48.3805
