2 -1.74563 19505.2 0.911392 5316.86 0.911392 3.05202 0.799532
2.01 -1.7382 19339.8 -0.907921 5276.53 0.907921 3.16301 0.877892
2.02 -1.73068 19172.9 0.90448 5236.67 0.90448 3.30349 0.937601
2.03 -1.72297 19002.5 -0.900858 5194.91 0.900858 3.35591 1.01743
2.04 -1.71486 18824.4 -0.896752 5147.81 0.896752 3.52808 1.16206
2.05 -1.7067 18645.7 -0.892699 5101.45 0.892699 3.61521 1.21564
2.06 -1.69815 18459.6 -0.888416 5052.73 0.888416 3.74143 1.32482
2.07 -1.68961 18274.5 -0.88401 5002.85 0.88401 3.90208 1.4232
2.08 -1.68043 18076.6 0.878743 4943.86 0.878743 4.12472 1.84594
2.09 -1.67119 17878.7 -0.873867 4889.18 0.873867 4.31331 1.85584
2.1 -1.66225 17688.1 -0.869065 4835.71 0.869065 4.39908 1.95456
2.11 -1.65272 17486.1 0.863473 4774.06 0.863473 4.60723 2.31755
2.12 -1.64181 17256.3 -0.856607 4698.74 0.856607 4.7544 2.57655
2.13 -1.63209 17052.7 -0.851143 4639.16 0.851143 4.89969 2.71979
2.14 -1.62166 16835.8 0.844311 4565.48 0.844311 5.16082 3.17496
2.15 -1.60934 16581.3 0.835368 4470.2 0.835368 5.5819 4.03102
2.16 -1.5985 16358.9 -0.827745 4389.92 0.827745 5.58397 4.88241
2.17 -1.58491 16082.6 0.815323 4262.02 0.815323 6.27999 7.61207
2.18 -1.57336 15849.2 0.808104 4186.31 0.808104 6.24108 6.90743
2.19 -1.55959 15573.5 0.796475 4068.32 0.796475 6.64967 8.34298
2.2 -1.54707 15324.7 0.788091 3982.69 0.788091 6.78529 7.73128
2.21 -1.53397 15066.7 -0.77537 3858.84 0.77537 7.15421 11.1704
2.22 -1.51809 14757.1 0.7567 3683.86 0.7567 7.60997 19.2528
2.23 -1.49462 14307.2 -0.694155 3267.41 0.699026 10.3849 140.132
2.24 -1.48095 14045.7 0.702734 3202.07 0.702734 9.05374 41.5322
2.25 -1.46786 13798.8 0.693513 3117.39 0.693513 9.29017 39.2405
2.26 -1.44312 13339.4 0.185115 2672.86 0.632876 10.6764 109.451
2.27 -1.41653 12854.1 0.292037 2195.58 0.566613 12.0209 140.854
2.28 -1.39538 12474.5 -0.210932 1845.79 0.497451 13.1531 262.06
2.29 -1.37366 12088.5 -0.303067 1507.84 0.446961 12.0925 229.284
2.3 -1.35188 11708.2 -0.14383 1152.27 0.374788 11.6461 253.291
