2.2 -1.54654 15314.3 0.785726 3960.23 0.785726 6.8298 9.08815
2.21 -1.53399 15067.1 -0.774053 3845.89 0.774053 7.09507 11.2752
2.22 -1.51541 14705.7 -0.748317 3614.5 0.748317 8.34895 30.6413
2.23 -1.50062 14420.1 -0.736697 3492.52 0.736697 8.17756 19.0965
2.24 -1.48375 14098.7 0.716273 3311.37 0.716273 9.01767 27.861
2.25 -1.46207 13690.7 0.671994 2949.62 0.671994 9.83811 59.5348
2.26 -1.44406 13356.8 -0.638737 2700.04 0.638737 10.9163 88.9337
2.27 -1.41879 12895.1 0.246934 2255.2 0.571005 12.1415 168.508
2.28 -1.39493 12465.9 0.300546 1814.72 0.496838 12.5791 234.892
2.29 -1.37485 12109.7 -0.0675984 1614.38 0.466839 12.332 219.568
2.3 -1.34543 11595.9 -0.0162776 973.723 0.341496 10.715 227.357
2.31 -1.33017 11334.1 -0.0326146 835.873 0.31139 10.2841 215.304
2.32 -1.31328 11047.8 -0.00327128 707.859 0.28551 9.69203 186.156
2.33 -1.29636 10764.4 -0.0251262 573.627 0.253849 8.82805 161.214
2.34 -1.2834 10550.1 0.0121412 489.239 0.231309 8.6309 146.814
2.35 -1.26797 10297.6 -0.00165492 346.338 0.188637 7.9667 118.602
2.36 -1.25204 10040 -0.00559891 241.923 0.157867 7.30397 82.4232
2.37 -1.24016 9850.1 -0.00328471 247.067 0.158967 6.99356 85.336
2.38 -1.22734 9647.6 -0.00392711 192.057 0.138445 6.80505 69.3884
2.39 -1.21529 9459.12 -0.0189038 171.98 0.133351 6.75067 58.1725
2.4 -1.20366 9278.94 0.00136195 144.652 0.119774 6.69087 52.8393
