1 0 0
0.99998 0.00628314 0
0.999921 0.012566 0
0.999822 0.0188484 0
0.999684 0.0251301 0
0.999507 0.0314108 0
0.999289 0.0376902 0
0.999033 0.0439681 0
0.998737 0.0502443 0
0.998402 0.0565185 0
0.998027 0.0627905 0
0.997613 0.06906 0
0.997159 0.0753268 0
0.996666 0.0815906 0
0.996134 0.0878512 0
0.995562 0.0941083 0
0.994951 0.100362 0
0.994301 0.106611 0
0.993611 0.112856 0
0.992883 0.119097 0
0.992115 0.125333 0
0.991308 0.131564 0
0.990461 0.13779 0
0.989576 0.144011 0
0.988652 0.150226 0
0.987688 0.156434 0
0.986686 0.162637 0
0.985645 0.168833 0
0.984564 0.175023 0
0.983445 0.181206 0
0.982287 0.187381 0
0.981091 0.193549 0
0.979855 0.19971 0
0.978581 0.205863 0
0.977268 0.212007 0
0.975917 0.218143 0
0.974527 0.224271 0
0.973099 0.230389 0
0.971632 0.236499 0
0.970127 0.242599 0
0.968583 0.24869 0
0.967001 0.254771 0
0.965382 0.260842 0
0.963724 0.266902 0
0.962028 0.272952 0
0.960294 0.278991 0
0.958522 0.285019 0
0.956712 0.291036 0
0.954865 0.297042 0
0.952979 0.303035 0
0.951057 0.309017 0
0.949096 0.314987 0
0.947098 0.320944 0
0.945063 0.326888 0
0.942991 0.33282 0
0.940881 0.338738 0
0.938734 0.344643 0
0.93655 0.350534 0
0.934329 0.356412 0
0.932071 0.362275 0
0.929776 0.368125 0
0.927445 0.373959 0
0.925077 0.379779 0
0.922673 0.385584 0
0.920232 0.391374 0
0.917755 0.397148 0
0.915241 0.402906 0
0.912692 0.408649 0
0.910106 0.414376 0
0.907484 0.420086 0
0.904827 0.425779 0
0.902134 0.431456 0
0.899405 0.437116 0
0.896641 0.442758 0
0.893841 0.448383 0
0.891007 0.453991 0
0.888136 0.45958 0
0.885231 0.465151 0
0.882291 0.470704 0
0.879316 0.476238 0
0.876307 0.481754 0
0.873262 0.48725 0
0.870184 0.492727 0
0.867071 0.498185 0
0.863923 0.503623 0
0.860742 0.509041 0
0.857527 0.51444 0
0.854277 0.519817 0
0.850994 0.525175 0
0.847678 0.530511 0
0.844328 0.535827 0
0.840945 0.541121 0
0.837528 0.546394 0
0.834078 0.551646 0
0.830596 0.556876 0
0.827081 0.562083 0
0.823533 0.567269 0
0.819952 0.572432 0
0.816339 0.577573 0
0.812694 0.58269 0
0.809017 0.587785 0
0.805308 0.592857 0
0.801567 0.597905 0
0.797794 0.60293 0
0.79399 0.60793 0
0.790155 0.612907 0
0.786288 0.61786 0
0.782391 0.622788 0
0.778462 0.627691 0
0.774503 0.63257 0
0.770513 0.637424 0
0.766493 0.642253 0
0.762443 0.647056 0
0.758362 0.651834 0
0.754251 0.656586 0
0.750111 0.661312 0
0.745941 0.666012 0
0.741742 0.670686 0
0.737513 0.675333 0
0.733255 0.679953 0
0.728969 0.684547 0
0.724653 0.689114 0
0.720309 0.693653 0
0.715937 0.698165 0
0.711536 0.70265 0
0.707107 0.707107 0
0.70265 0.711536 0
0.698165 0.715937 0
0.693653 0.720309 0
0.689114 0.724653 0
0.684547 0.728969 0
0.679953 0.733255 0
0.675333 0.737513 0
0.670686 0.741742 0
0.666012 0.745941 0
0.661312 0.750111 0
0.656586 0.754251 0
0.651834 0.758362 0
0.647056 0.762443 0
0.642253 0.766493 0
0.637424 0.770513 0
0.63257 0.774503 0
0.627691 0.778462 0
0.622788 0.782391 0
0.61786 0.786288 0
0.612907 0.790155 0
0.60793 0.79399 0
0.60293 0.797794 0
0.597905 0.801567 0
0.592857 0.805308 0
0.587785 0.809017 0
0.582691 0.812694 0
0.577573 0.816339 0
0.572432 0.819952 0
0.567269 0.823533 0
0.562083 0.827081 0
0.556876 0.830596 0
0.551646 0.834078 0
0.546394 0.837528 0
0.541121 0.840945 0
0.535827 0.844328 0
0.530511 0.847678 0
0.525175 0.850995 0
0.519817 0.854277 0
0.51444 0.857527 0
0.509041 0.860742 0
0.503623 0.863923 0
0.498185 0.867071 0
0.492727 0.870184 0
0.48725 0.873262 0
0.481754 0.876307 0
0.476238 0.879316 0
0.470704 0.882291 0
0.465151 0.885231 0
0.45958 0.888136 0
0.453991 0.891007 0
0.448383 0.893841 0
0.442758 0.896641 0
0.437116 0.899405 0
0.431456 0.902134 0
0.425779 0.904827 0
0.420086 0.907484 0
0.414376 0.910106 0
0.408649 0.912692 0
0.402906 0.915241 0
0.397148 0.917755 0
0.391374 0.920232 0
0.385584 0.922673 0
0.379779 0.925077 0
0.373959 0.927445 0
0.368125 0.929777 0
0.362275 0.932071 0
0.356412 0.934329 0
0.350534 0.93655 0
0.344643 0.938734 0
0.338738 0.940881 0
0.33282 0.942991 0
0.326888 0.945063 0
0.320944 0.947098 0
0.314987 0.949096 0
0.309017 0.951057 0
0.303035 0.952979 0
0.297042 0.954865 0
0.291036 0.956712 0
0.285019 0.958522 0
0.278991 0.960294 0
0.272952 0.962028 0
0.266902 0.963724 0
0.260842 0.965382 0
0.254771 0.967002 0
0.24869 0.968583 0
0.242599 0.970127 0
0.236499 0.971632 0
0.230389 0.973099 0
0.224271 0.974527 0
0.218143 0.975917 0
0.212007 0.977268 0
0.205863 0.978581 0
0.19971 0.979855 0
0.19355 0.981091 0
0.187381 0.982287 0
0.181206 0.983445 0
0.175023 0.984564 0
0.168833 0.985645 0
0.162637 0.986686 0
0.156435 0.987688 0
0.150226 0.988652 0
0.144011 0.989576 0
0.13779 0.990462 0
0.131564 0.991308 0
0.125333 0.992115 0
0.119097 0.992883 0
0.112856 0.993611 0
0.106611 0.994301 0
0.100362 0.994951 0
0.0941084 0.995562 0
0.0878512 0.996134 0
0.0815907 0.996666 0
0.0753268 0.997159 0
0.0690601 0.997613 0
0.0627906 0.998027 0
0.0565186 0.998402 0
0.0502444 0.998737 0
0.0439682 0.999033 0
0.0376902 0.99929 0
0.0314108 0.999507 0
0.0251301 0.999684 0
0.0188485 0.999822 0
0.0125661 0.999921 0
0.00628319 0.99998 0
4.40514e-08 1 0
-0.0062831 0.99998 0
-0.012566 0.999921 0
-0.0188484 0.999822 0
-0.0251301 0.999684 0
-0.0314107 0.999507 0
-0.0376901 0.99929 0
-0.0439681 0.999033 0
-0.0502443 0.998737 0
-0.0565185 0.998402 0
-0.0627905 0.998027 0
-0.06906 0.997613 0
-0.0753268 0.997159 0
-0.0815906 0.996666 0
-0.0878512 0.996134 0
-0.0941083 0.995562 0
-0.100362 0.994951 0
-0.106611 0.994301 0
-0.112856 0.993611 0
-0.119097 0.992883 0
-0.125333 0.992115 0
-0.131564 0.991308 0
-0.13779 0.990462 0
-0.144011 0.989576 0
-0.150226 0.988652 0
-0.156434 0.987688 0
-0.162637 0.986686 0
-0.168833 0.985645 0
-0.175023 0.984564 0
-0.181206 0.983445 0
-0.187381 0.982287 0
-0.193549 0.981091 0
-0.19971 0.979855 0
-0.205863 0.978581 0
-0.212007 0.977268 0
-0.218143 0.975917 0
-0.224271 0.974527 0
-0.230389 0.973099 0
-0.236499 0.971632 0
-0.242599 0.970127 0
-0.24869 0.968583 0
-0.254771 0.967002 0
-0.260841 0.965382 0
-0.266902 0.963724 0
-0.272952 0.962028 0
-0.278991 0.960294 0
-0.285019 0.958522 0
-0.291036 0.956712 0
-0.297042 0.954865 0
-0.303035 0.95298 0
-0.309017 0.951057 0
-0.314986 0.949096 0
-0.320944 0.947098 0
-0.326888 0.945063 0
-0.33282 0.942991 0
-0.338738 0.940881 0
-0.344643 0.938734 0
-0.350534 0.93655 0
-0.356412 0.934329 0
-0.362275 0.932071 0
-0.368125 0.929777 0
-0.373959 0.927445 0
-0.379779 0.925077 0
-0.385584 0.922673 0
-0.391374 0.920232 0
-0.397148 0.917755 0
-0.402906 0.915241 0
-0.408649 0.912692 0
-0.414376 0.910106 0
-0.420086 0.907485 0
-0.425779 0.904827 0
-0.431456 0.902134 0
-0.437116 0.899405 0
-0.442758 0.896641 0
-0.448383 0.893842 0
-0.45399 0.891007 0
-0.45958 0.888137 0
-0.465151 0.885232 0
-0.470704 0.882291 0
-0.476238 0.879317 0
-0.481754 0.876307 0
-0.48725 0.873263 0
-0.492727 0.870184 0
-0.498185 0.867071 0
-0.503623 0.863924 0
-0.509041 0.860742 0
-0.51444 0.857527 0
-0.519817 0.854278 0
-0.525175 0.850995 0
-0.530511 0.847678 0
-0.535827 0.844328 0
-0.541121 0.840945 0
-0.546394 0.837528 0
-0.551646 0.834079 0
-0.556876 0.830596 0
-0.562083 0.827081 0
-0.567269 0.823533 0
-0.572432 0.819952 0
-0.577573 0.81634 0
-0.58269 0.812694 0
-0.587785 0.809017 0
-0.592857 0.805308 0
-0.597905 0.801567 0
-0.60293 0.797795 0
-0.60793 0.793991 0
-0.612907 0.790155 0
-0.61786 0.786289 0
-0.622788 0.782391 0
-0.627691 0.778463 0
-0.63257 0.774503 0
-0.637424 0.770514 0
-0.642253 0.766493 0
-0.647056 0.762443 0
-0.651834 0.758362 0
-0.656586 0.754252 0
-0.661312 0.750111 0
-0.666012 0.745941 0
-0.670686 0.741742 0
-0.675333 0.737513 0
-0.679953 0.733256 0
-0.684547 0.728969 0
-0.689114 0.724653 0
-0.693653 0.720309 0
-0.698165 0.715937 0
-0.70265 0.711536 0
-0.707107 0.707107 0
-0.711536 0.70265 0
-0.715937 0.698166 0
-0.720309 0.693654 0
-0.724653 0.689114 0
-0.728969 0.684547 0
-0.733255 0.679954 0
-0.737513 0.675333 0
-0.741742 0.670686 0
-0.745941 0.666012 0
-0.750111 0.661312 0
-0.754251 0.656586 0
-0.758362 0.651834 0
-0.762443 0.647056 0
-0.766493 0.642253 0
-0.770513 0.637424 0
-0.774503 0.632571 0
-0.778462 0.627692 0
-0.782391 0.622788 0
-0.786288 0.61786 0
-0.790155 0.612907 0
-0.79399 0.607931 0
-0.797794 0.60293 0
-0.801567 0.597905 0
-0.805308 0.592857 0
-0.809017 0.587786 0
-0.812694 0.582691 0
-0.816339 0.577573 0
-0.819952 0.572432 0
-0.823533 0.567269 0
-0.827081 0.562084 0
-0.830596 0.556876 0
-0.834079 0.551646 0
-0.837528 0.546395 0
-0.840945 0.541122 0
-0.844328 0.535827 0
-0.847678 0.530512 0
-0.850995 0.525175 0
-0.854278 0.519818 0
-0.857527 0.51444 0
-0.860742 0.509042 0
-0.863924 0.503624 0
-0.867071 0.498186 0
-0.870184 0.492728 0
-0.873263 0.487251 0
-0.876307 0.481754 0
-0.879316 0.476239 0
-0.882291 0.470704 0
-0.885231 0.465151 0
-0.888137 0.45958 0
-0.891007 0.453991 0
-0.893842 0.448384 0
-0.896641 0.442759 0
-0.899405 0.437116 0
-0.902134 0.431456 0
-0.904827 0.42578 0
-0.907485 0.420086 0
-0.910106 0.414376 0
-0.912692 0.40865 0
-0.915241 0.402907 0
-0.917755 0.397148 0
-0.920232 0.391374 0
-0.922673 0.385584 0
-0.925077 0.37978 0
-0.927445 0.37396 0
-0.929777 0.368125 0
-0.932071 0.362276 0
-0.934329 0.356412 0
-0.93655 0.350535 0
-0.938734 0.344643 0
-0.940881 0.338738 0
-0.942991 0.33282 0
-0.945063 0.326888 0
-0.947098 0.320944 0
-0.949096 0.314987 0
-0.951057 0.309017 0
-0.95298 0.303036 0
-0.954865 0.297042 0
-0.956712 0.291037 0
-0.958522 0.28502 0
-0.960294 0.278992 0
-0.962028 0.272952 0
-0.963724 0.266902 0
-0.965382 0.260842 0
-0.967002 0.254771 0
-0.968583 0.24869 0
-0.970127 0.2426 0
-0.971632 0.236499 0
-0.973099 0.23039 0
-0.974527 0.224271 0
-0.975917 0.218144 0
-0.977268 0.212008 0
-0.978581 0.205863 0
-0.979855 0.19971 0
-0.981091 0.19355 0
-0.982288 0.187382 0
-0.983445 0.181206 0
-0.984565 0.175024 0
-0.985645 0.168834 0
-0.986686 0.162638 0
-0.987689 0.156435 0
-0.988652 0.150226 0
-0.989576 0.144011 0
-0.990462 0.137791 0
-0.991308 0.131565 0
-0.992115 0.125334 0
-0.992883 0.119098 0
-0.993612 0.112857 0
-0.994301 0.106612 0
-0.994951 0.100362 0
-0.995562 0.0941088 0
-0.996134 0.0878517 0
-0.996666 0.0815911 0
-0.997159 0.0753273 0
-0.997613 0.0690606 0
-0.998027 0.0627911 0
-0.998402 0.0565191 0
-0.998737 0.0502449 0
-0.999033 0.0439687 0
-0.99929 0.0376907 0
-0.999507 0.0314113 0
-0.999685 0.0251306 0
-0.999823 0.018849 0
-0.999921 0.0125666 0
-0.999981 0.0062837 0
-1 5.53196e-07 0
-0.999981 -0.00628259 0
-0.999921 -0.0125655 0
-0.999823 -0.0188479 0
-0.999685 -0.0251295 0
-0.999507 -0.0314102 0
-0.99929 -0.0376896 0
-0.999033 -0.0439676 0
-0.998737 -0.0502438 0
-0.998402 -0.056518 0
-0.998027 -0.06279 0
-0.997613 -0.0690595 0
-0.997159 -0.0753262 0
-0.996666 -0.08159 0
-0.996134 -0.0878506 0
-0.995562 -0.0941077 0
-0.994951 -0.100361 0
-0.994301 -0.106611 0
-0.993612 -0.112856 0
-0.992883 -0.119097 0
-0.992115 -0.125333 0
-0.991308 -0.131564 0
-0.990462 -0.13779 0
-0.989577 -0.14401 0
-0.988652 -0.150225 0
-0.987689 -0.156434 0
-0.986686 -0.162637 0
-0.985645 -0.168833 0
-0.984565 -0.175022 0
-0.983446 -0.181205 0
-0.982288 -0.187381 0
-0.981091 -0.193549 0
-0.979856 -0.199709 0
-0.978581 -0.205862 0
-0.977269 -0.212007 0
-0.975917 -0.218143 0
-0.974527 -0.22427 0
-0.973099 -0.230389 0
-0.971632 -0.236498 0
-0.970127 -0.242599 0
-0.968584 -0.248689 0
-0.967002 -0.25477 0
-0.965382 -0.260841 0
-0.963724 -0.266901 0
-0.962028 -0.272951 0
-0.960294 -0.278991 0
-0.958522 -0.285019 0
-0.956713 -0.291036 0
-0.954865 -0.297041 0
-0.95298 -0.303035 0
-0.951057 -0.309016 0
-0.949097 -0.314986 0
-0.947099 -0.320943 0
-0.945064 -0.326887 0
-0.942991 -0.332819 0
-0.940881 -0.338737 0
-0.938735 -0.344642 0
-0.936551 -0.350534 0
-0.93433 -0.356411 0
-0.932072 -0.362275 0
-0.929777 -0.368124 0
-0.927446 -0.373959 0
-0.925078 -0.379779 0
-0.922673 -0.385583 0
-0.920233 -0.391373 0
-0.917755 -0.397147 0
-0.915242 -0.402906 0
-0.912692 -0.408649 0
-0.910107 -0.414375 0
-0.907485 -0.420085 0
-0.904828 -0.425779 0
-0.902135 -0.431455 0
-0.899406 -0.437115 0
-0.896642 -0.442758 0
-0.893842 -0.448383 0
-0.891007 -0.45399 0
-0.888137 -0.459579 0
-0.885232 -0.465151 0
-0.882292 -0.470703 0
-0.879317 -0.476238 0
-0.876308 -0.481753 0
-0.873263 -0.48725 0
-0.870185 -0.492727 0
-0.867072 -0.498185 0
-0.863924 -0.503623 0
-0.860743 -0.509041 0
-0.857528 -0.514439 0
-0.854278 -0.519817 0
-0.850995 -0.525174 0
-0.847679 -0.530511 0
-0.844329 -0.535826 0
-0.840946 -0.541121 0
-0.837529 -0.546394 0
-0.834079 -0.551645 0
-0.830597 -0.556875 0
-0.827082 -0.562083 0
-0.823534 -0.567268 0
-0.819953 -0.572432 0
-0.81634 -0.577572 0
-0.812695 -0.58269 0
-0.809018 -0.587785 0
-0.805309 -0.592856 0
-0.801568 -0.597904 0
-0.797795 -0.602929 0
-0.793991 -0.60793 0
-0.790156 -0.612907 0
-0.786289 -0.617859 0
-0.782392 -0.622787 0
-0.778463 -0.627691 0
-0.774504 -0.63257 0
-0.770514 -0.637424 0
-0.766494 -0.642252 0
-0.762444 -0.647056 0
-0.758363 -0.651833 0
-0.754252 -0.656585 0
-0.750112 -0.661311 0
-0.745942 -0.666011 0
-0.741743 -0.670685 0
-0.737514 -0.675332 0
-0.733256 -0.679953 0
-0.72897 -0.684547 0
-0.724654 -0.689113 0
-0.72031 -0.693653 0
-0.715938 -0.698165 0
-0.711537 -0.70265 0
-0.707108 -0.707106 0
-0.702651 -0.711535 0
-0.698167 -0.715936 0
-0.693655 -0.720309 0
-0.689115 -0.724653 0
-0.684548 -0.728968 0
-0.679955 -0.733255 0
-0.675334 -0.737513 0
-0.670687 -0.741741 0
-0.666013 -0.745941 0
-0.661313 -0.750111 0
-0.656587 -0.754251 0
-0.651835 -0.758362 0
-0.647057 -0.762442 0
-0.642254 -0.766493 0
-0.637425 -0.770513 0
-0.632571 -0.774503 0
-0.627693 -0.778462 0
-0.622789 -0.78239 0
-0.617861 -0.786288 0
-0.612908 -0.790155 0
-0.607932 -0.79399 0
-0.602931 -0.797794 0
-0.597906 -0.801567 0
-0.592858 -0.805308 0
-0.587787 -0.809017 0
-0.582692 -0.812694 0
-0.577574 -0.816339 0
-0.572434 -0.819952 0
-0.56727 -0.823532 0
-0.562085 -0.82708 0
-0.556877 -0.830596 0
-0.551647 -0.834078 0
-0.546396 -0.837528 0
-0.541123 -0.840944 0
-0.535828 -0.844328 0
-0.530513 -0.847678 0
-0.525176 -0.850994 0
-0.519819 -0.854277 0
-0.514441 -0.857526 0
-0.509043 -0.860742 0
-0.503625 -0.863923 0
-0.498187 -0.867071 0
-0.492729 -0.870184 0
-0.487252 -0.873262 0
-0.481755 -0.876307 0
-0.47624 -0.879316 0
-0.470705 -0.882291 0
-0.465153 -0.885231 0
-0.459581 -0.888136 0
-0.453992 -0.891006 0
-0.448385 -0.893841 0
-0.44276 -0.896641 0
-0.437117 -0.899405 0
-0.431458 -0.902134 0
-0.425781 -0.904827 0
-0.420087 -0.907484 0
-0.414377 -0.910106 0
-0.408651 -0.912692 0
-0.402908 -0.915241 0
-0.39715 -0.917755 0
-0.391375 -0.920232 0
-0.385586 -0.922673 0
-0.379781 -0.925077 0
-0.373961 -0.927445 0
-0.368126 -0.929777 0
-0.362277 -0.932071 0
-0.356414 -0.934329 0
-0.350536 -0.93655 0
-0.344645 -0.938734 0
-0.33874 -0.940881 0
-0.332821 -0.942991 0
-0.32689 -0.945063 0
-0.320945 -0.947098 0
-0.314988 -0.949096 0
-0.309019 -0.951057 0
-0.303037 -0.952979 0
-0.297043 -0.954865 0
-0.291038 -0.956712 0
-0.285021 -0.958522 0
-0.278993 -0.960294 0
-0.272954 -0.962028 0
-0.266904 -0.963724 0
-0.260843 -0.965382 0
-0.254772 -0.967002 0
-0.248692 -0.968583 0
-0.242601 -0.970127 0
-0.236501 -0.971632 0
-0.230391 -0.973099 0
-0.224273 -0.974527 0
-0.218145 -0.975917 0
-0.212009 -0.977268 0
-0.205864 -0.978581 0
-0.199712 -0.979855 0
-0.193551 -0.981091 0
-0.187383 -0.982288 0
-0.181208 -0.983446 0
-0.175025 -0.984565 0
-0.168835 -0.985645 0
-0.162639 -0.986686 0
-0.156436 -0.987689 0
-0.150227 -0.988652 0
-0.144013 -0.989577 0
-0.137792 -0.990462 0
-0.131566 -0.991308 0
-0.125335 -0.992115 0
-0.119099 -0.992883 0
-0.112858 -0.993612 0
-0.106613 -0.994301 0
-0.100364 -0.994952 0
-0.0941102 -0.995562 0
-0.0878531 -0.996134 0
-0.0815925 -0.996666 0
-0.0753287 -0.997159 0
-0.0690619 -0.997613 0
-0.0627924 -0.998027 0
-0.0565204 -0.998402 0
-0.0502462 -0.998738 0
-0.04397 -0.999034 0
-0.0376921 -0.99929 0
-0.0314127 -0.999507 0
-0.025132 -0.999685 0
-0.0188503 -0.999823 0
-0.0125679 -0.999922 0
-0.00628505 -0.999981 0
-1.90443e-06 -1 0
0.00628124 -0.999981 0
0.0125641 -0.999922 0
0.0188465 -0.999823 0
0.0251282 -0.999685 0
0.0314088 -0.999507 0
0.0376883 -0.99929 0
0.0439662 -0.999034 0
0.0502424 -0.998738 0
0.0565166 -0.998402 0
0.0627886 -0.998028 0
0.0690581 -0.997613 0
0.0753249 -0.99716 0
0.0815887 -0.996667 0
0.0878493 -0.996134 0
0.0941064 -0.995563 0
0.10036 -0.994952 0
0.106609 -0.994302 0
0.112854 -0.993612 0
0.119095 -0.992884 0
0.125331 -0.992116 0
0.131562 -0.991309 0
0.137788 -0.990462 0
0.144009 -0.989577 0
0.150224 -0.988653 0
0.156433 -0.987689 0
0.162635 -0.986687 0
0.168832 -0.985646 0
0.175021 -0.984565 0
0.181204 -0.983446 0
0.187379 -0.982288 0
0.193548 -0.981092 0
0.199708 -0.979856 0
0.205861 -0.978582 0
0.212005 -0.977269 0
0.218141 -0.975918 0
0.224269 -0.974528 0
0.230387 -0.9731 0
0.236497 -0.971633 0
0.242597 -0.970128 0
0.248688 -0.968584 0
0.254769 -0.967003 0
0.26084 -0.965383 0
0.2669 -0.963725 0
0.27295 -0.962029 0
0.278989 -0.960295 0
0.285017 -0.958523 0
0.291034 -0.956713 0
0.29704 -0.954866 0
0.303033 -0.952981 0
0.309015 -0.951058 0
0.314985 -0.949098 0
0.320942 -0.9471 0
0.326886 -0.945065 0
0.332818 -0.942992 0
0.338736 -0.940882 0
0.344641 -0.938735 0
0.350532 -0.936551 0
0.35641 -0.93433 0
0.362273 -0.932073 0
0.368123 -0.929778 0
0.373957 -0.927447 0
0.379777 -0.925079 0
0.385582 -0.922674 0
0.391372 -0.920233 0
0.397146 -0.917756 0
0.402905 -0.915243 0
0.408647 -0.912693 0
0.414374 -0.910108 0
0.420084 -0.907486 0
0.425777 -0.904829 0
0.431454 -0.902136 0
0.437114 -0.899407 0
0.442756 -0.896643 0
0.448381 -0.893843 0
0.453989 -0.891008 0
0.459578 -0.888138 0
0.465149 -0.885233 0
0.470702 -0.882293 0
0.476236 -0.879318 0
0.481752 -0.876309 0
0.487248 -0.873264 0
0.492726 -0.870186 0
0.498183 -0.867073 0
0.503621 -0.863925 0
0.50904 -0.860744 0
0.514438 -0.857529 0
0.519816 -0.854279 0
0.525173 -0.850996 0
0.530509 -0.84768 0
0.535825 -0.84433 0
0.54112 -0.840947 0
0.546393 -0.83753 0
0.551644 -0.83408 0
0.556874 -0.830598 0
0.562082 -0.827083 0
0.567267 -0.823535 0
0.57243 -0.819954 0
0.577571 -0.816341 0
0.582689 -0.812696 0
0.587784 -0.809019 0
0.592855 -0.80531 0
0.597903 -0.801569 0
0.602928 -0.797797 0
0.607929 -0.793993 0
0.612905 -0.790157 0
0.617858 -0.786291 0
0.622786 -0.782393 0
0.62769 -0.778465 0
0.632569 -0.774505 0
0.637422 -0.770516 0
0.642251 -0.766495 0
0.647054 -0.762445 0
0.651832 -0.758364 0
0.656584 -0.754254 0
0.66131 -0.750113 0
0.66601 -0.745944 0
0.670684 -0.741744 0
0.675331 -0.737516 0
0.679952 -0.733258 0
0.684546 -0.728971 0
0.689112 -0.724656 0
0.693652 -0.720311 0
0.698164 -0.715939 0
0.702649 -0.711538 0
0.707105 -0.707109 0
0.711534 -0.702652 0
0.715935 -0.698168 0
0.720308 -0.693656 0
0.724652 -0.689116 0
0.728967 -0.68455 0
0.733254 -0.679956 0
0.737512 -0.675335 0
0.74174 -0.670688 0
0.74594 -0.666015 0
0.75011 -0.661315 0
0.75425 -0.656588 0
0.758361 -0.651836 0
0.762441 -0.647059 0
0.766492 -0.642255 0
0.770512 -0.637427 0
0.774502 -0.632573 0
0.778461 -0.627694 0
0.78239 -0.622791 0
0.786287 -0.617862 0
0.790154 -0.61291 0
0.793989 -0.607933 0
0.797793 -0.602932 0
0.801566 -0.597908 0
0.805307 -0.59286 0
0.809016 -0.587788 0
0.812693 -0.582693 0
0.816338 -0.577576 0
0.819951 -0.572435 0
0.823532 -0.567272 0
0.82708 -0.562086 0
0.830595 -0.556879 0
0.834077 -0.551649 0
0.837527 -0.546397 0
0.840944 -0.541124 0
0.844327 -0.53583 0
0.847677 -0.530514 0
0.850994 -0.525178 0
0.854276 -0.51982 0
0.857526 -0.514443 0
0.860741 -0.509044 0
0.863923 -0.503626 0
0.86707 -0.498188 0
0.870183 -0.49273 0
0.873262 -0.487253 0
0.876306 -0.481757 0
0.879315 -0.476241 0
0.88229 -0.470707 0
0.885231 -0.465154 0
0.888136 -0.459583 0
0.891006 -0.453994 0
0.893841 -0.448386 0
0.89664 -0.442761 0
0.899405 -0.437119 0
0.902133 -0.431459 0
0.904826 -0.425783 0
0.907484 -0.420089 0
0.910105 -0.414379 0
0.912691 -0.408652 0
0.915241 -0.40291 0
0.917754 -0.397151 0
0.920231 -0.391377 0
0.922672 -0.385587 0
0.925077 -0.379782 0
0.927445 -0.373963 0
0.929776 -0.368128 0
0.932071 -0.362279 0
0.934328 -0.356415 0
0.936549 -0.350538 0
0.938733 -0.344646 0
0.94088 -0.338741 0
0.94299 -0.332823 0
0.945063 -0.326891 0
0.947098 -0.320947 0
0.949096 -0.31499 0
0.951056 -0.30902 0
0.952979 -0.303039 0
0.954864 -0.297045 0
0.956712 -0.29104 0
0.958522 -0.285023 0
0.960293 -0.278995 0
0.962027 -0.272955 0
0.963724 -0.266905 0
0.965382 -0.260845 0
0.967001 -0.254774 0
0.968583 -0.248693 0
0.970127 -0.242603 0
0.971632 -0.236503 0
0.973098 -0.230393 0
0.974527 -0.224274 0
0.975917 -0.218147 0
0.977268 -0.212011 0
0.978581 -0.205866 0
0.979855 -0.199714 0
0.981091 -0.193553 0
0.982287 -0.187385 0
0.983445 -0.181209 0
0.984564 -0.175027 0
0.985645 -0.168837 0
0.986686 -0.162641 0
0.987689 -0.156438 0
0.988652 -0.150229 0
0.989576 -0.144014 0
0.990462 -0.137794 0
0.991308 -0.131568 0
0.992115 -0.125337 0
0.992883 -0.119101 0
0.993612 -0.11286 0
0.994301 -0.106615 0
0.994951 -0.100365 0
0.995562 -0.094112 0
0.996134 -0.0878549 0
0.996666 -0.0815943 0
0.997159 -0.0753305 0
0.997613 -0.0690637 0
0.998027 -0.0627942 0
0.998402 -0.0565222 0
0.998738 -0.050248 0
0.999034 -0.0439718 0
0.99929 -0.0376939 0
0.999507 -0.0314145 0
0.999685 -0.0251338 0
0.999823 -0.0188522 0
0.999922 -0.0125698 0
0.999981 -0.00628686 0
