2.2 -1.54611 3831.75 0.782431 991.05 0.782431 7.02384 11.5326
2.21 -1.53333 3768.97 -0.128145 966.145 0.771164 7.20786 14.6353
2.22 -1.51721 3690.7 -0.758156 933.146 0.758167 7.60439 13.4387
2.23 -1.49604 3589.85 0.123977 858.396 0.718159 8.82786 33.1922
2.24 -1.48463 3535.05 0.0309642 852.437 0.720735 8.44112 21.3029
2.25 -1.45693 3406.2 0.08892 754.763 0.667624 9.97871 41.6077
2.26 -1.44977 3372.26 0.0196967 762.745 0.677401 9.33572 28.5487
2.27 -1.4306 3284.92 0.213135 699.832 0.636717 10.3157 51.1784
2.28 -1.40775 3181.46 -0.0338756 629.831 0.598154 10.6304 57.3688
2.29 -1.38762 3091.44 0.0398844 581.27 0.573132 10.6392 55.7019
2.3 -1.37221 3023.2 -0.371227 531.487 0.538941 10.4814 66.7558
2.31 -1.34507 2905.68 0.209338 441.48 0.479804 10.9188 73.1406
2.32 -1.32879 2834.7 -0.00881118 405.715 0.459982 9.60574 67.1809
2.33 -1.30722 2743.52 0.0618878 340.316 0.413288 9.40585 67.0252
2.34 -1.29151 2677.84 -0.0317728 304.053 0.385648 9.05519 66.0938
2.35 -1.27719 2619.02 0.0747478 277.476 0.361497 9.09642 68.3877
2.36 -1.2603 2549.49 -0.0463107 243.115 0.340326 8.1373 57.8004
2.37 -1.24532 2489.02 -0.00480303 203.35 0.305546 7.72478 53.9769
2.38 -1.2381 2460.43 -0.0408458 210.251 0.311471 7.79369 55.0284
2.39 -1.21948 2386.66 0.0281107 161.203 0.266237 7.26171 47.7919
2.4 -1.2081 2342.33 -0.0221201 162.256 0.268874 7.12856 46.5871
