9.82039 9.82039 9.82039
39.281 39.281 39.281
88.3799 88.3799 88.3799
157.114 157.114 157.114
245.48 245.48 245.48
353.471 353.471 353.471
481.081 481.081 481.081
628.302 628.302 628.302
795.126 795.126 795.126
981.542 981.542 981.542
1187.54 1187.54 1187.54
1413.1 1413.1 1413.1
1658.22 1658.22 1658.22
1922.88 1922.88 1922.88
2207.06 2207.06 2207.06
2510.74 2510.74 2510.74
2833.91 2833.91 2833.91
3176.55 3176.55 3176.55
3538.64 3538.64 3538.64
3920.15 3920.15 3920.15
4321.05 4321.05 4321.05
4741.34 4741.34 4741.34
5180.97 5180.97 5180.97
5639.93 5639.93 5639.93
6118.18 6118.18 6118.18
6615.7 6615.7 6615.7
7132.45 7132.45 7132.45
7668.4 7668.4 7668.4
8223.53 8223.53 8223.53
8797.79 8797.79 8797.79
9391.15 9391.15 9391.15
10003.6 10003.6 10003.6
10635 10635 10635
11285.5 11285.5 11285.5
11954.9 11954.9 11954.9
12643.1 12643.1 12643.1
13350.3 13350.3 13350.3
14076.3 14076.3 14076.3
14821 14821 14821
15584.5 15584.5 15584.5
16366.7 16366.7 16366.7
17167.5 17167.5 17167.5
17986.9 17986.9 17986.9
18824.9 18824.9 18824.9
19681.3 19681.3 19681.3
20556.1 20556.1 20556.1
21449.4 21449.4 21449.4
22360.9 22360.9 22360.9
23290.7 23290.7 23290.7
24238.8 24238.8 24238.8
25205 25205 25205
26189.2 26189.2 26189.2
27191.6 27191.6 27191.6
28211.8 28211.8 28211.8
29250 29250 29250
30306.1 30306.1 30306.1
31379.9 31379.9 31379.9
32471.4 32471.4 32471.4
33580.6 33580.6 33580.6
34707.4 34707.4 34707.4
35851.7 35851.7 35851.7
37013.4 37013.4 37013.4
38192.5 38192.5 38192.5
39388.8 39388.8 39388.8
40602.4 40602.4 40602.4
41833.2 41833.2 41833.2
43081 43081 43081
44345.8 44345.8 44345.8
45627.6 45627.6 45627.6
46926.2 46926.2 46926.2
48241.5 48241.5 48241.5
49573.5 49573.5 49573.5
50922.2 50922.2 50922.2
52287.3 52287.3 52287.3
53668.9 53668.9 53668.9
55066.8 55066.8 55066.8
56480.9 56480.9 56480.9
57911.3 57911.3 57911.3
59357.7 59357.7 59357.7
60820.2 60820.2 60820.2
62298.5 62298.5 62298.5
63792.7 63792.7 63792.7
65302.5 65302.5 65302.5
66828.1 66828.1 66828.1
68369.1 68369.1 68369.1
69925.6 69925.6 69925.6
71497.5 71497.5 71497.5
73084.6 73084.6 73084.6
74686.8 74686.8 74686.8
76304.1 76304.1 76304.1
77936.4 77936.4 77936.4
79583.5 79583.5 79583.5
81245.4 81245.4 81245.4
82921.9 82921.9 82921.9
84613 84613 84613
86318.6 86318.6 86318.6
88038.5 88038.5 88038.5
89772.6 89772.6 89772.6
91520.8 91520.8 91520.8
93283.1 93283.1 93283.1
95059.3 95059.3 95059.3
96849.3 96849.3 96849.3
98652.9 98652.9 98652.9
100470 100470 100470
102301 102301 102301
104145 104145 104145
106002 106002 106002
107873 107873 107873
109756 109756 109756
111653 111653 111653
113562 113562 113562
115484 115484 115484
117418 117418 117418
119365 119365 119365
121324 121324 121324
123296 123296 123296
125279 125279 125279
127275 127275 127275
129282 129282 129282
131301 131301 131301
133331 133331 133331
135373 135373 135373
137427 137427 137427
139491 139491 139491
141567 141567 141567
143653 143653 143653
145751 145751 145751
147859 147859 147859
149977 149977 149977
152106 152106 152106
154246 154246 154246
156395 156395 156395
158555 158555 158555
160724 160724 160724
162904 162904 162904
165092 165092 165092
167291 167291 167291
169499 169499 169499
171716 171716 171716
173942 173942 173942
176177 176177 176177
178421 178421 178421
180673 180673 180673
182935 182935 182935
185204 185204 185204
187482 187482 187482
189768 189768 189768
192062 192062 192062
194364 194364 194364
196673 196673 196673
198990 198990 198990
201315 201315 201315
203647 203647 203647
205986 205986 205986
208332 208332 208332
210684 210684 210684
213044 213044 213044
215410 215410 215410
217783 217783 217783
220161 220161 220161
222546 222546 222546
224937 224937 224937
227334 227334 227334
229736 229736 229736
232144 232144 232144
234558 234558 234558
236976 236976 236976
239400 239400 239400
241828 241828 241828
244262 244262 244262
246700 246700 246700
249143 249143 249143
251589 251589 251589
254041 254041 254041
256496 256496 256496
258955 258955 258955
261418 261418 261418
263884 263884 263884
266354 266354 266354
268827 268827 268827
271303 271303 271303
273783 273783 273783
276265 276265 276265
278749 278749 278749
281237 281237 281237
283727 283727 283727
286218 286218 286218
288712 288712 288712
291208 291208 291208
293706 293706 293706
296205 296205 296205
298706 298706 298706
301208 301208 301208
303711 303711 303711
306216 306216 306216
308721 308721 308721
311227 311227 311227
313733 313733 313733
316240 316240 316240
318746 318746 318746
321254 321254 321254
323760 323760 323760
326267 326267 326267
328773 328773 328773
331279 331279 331279
333784 333784 333784
336289 336289 336289
338792 338792 338792
341294 341294 341294
343795 343795 343795
346294 346294 346294
348792 348792 348792
351288 351288 351288
353782 353782 353782
356273 356273 356273
358763 358763 358763
361251 361251 361251
363735 363735 363735
366217 366217 366217
368697 368697 368697
371173 371173 371173
373646 373646 373646
376116 376116 376116
378582 378582 378582
381045 381045 381045
383504 383504 383504
385959 385959 385959
388411 388411 388411
390857 390857 390857
393300 393300 393300
395738 395738 395738
398172 398172 398172
400600 400600 400600
403024 403024 403024
405442 405442 405442
407856 407856 407856
410264 410264 410264
412666 412666 412666
415063 415063 415063
417454 417454 417454
419839 419839 419839
422217 422217 422217
424590 424590 424590
426956 426956 426956
429316 429316 429316
431668 431668 431668
434014 434014 434014
436353 436353 436353
438685 438685 438685
441010 441010 441010
443327 443327 443327
445636 445636 445636
447938 447938 447938
450232 450232 450232
452518 452518 452518
454796 454796 454796
457065 457065 457065
459327 459327 459327
461579 461579 461579
463823 463823 463823
466058 466058 466058
468284 468284 468284
470501 470501 470501
472709 472709 472709
474908 474908 474908
477096 477096 477096
479276 479276 479276
481445 481445 481445
483605 483605 483605
485754 485754 485754
487894 487894 487894
490023 490023 490023
492141 492141 492141
494249 494249 494249
496347 496347 496347
498433 498433 498433
500509 500509 500509
502573 502573 502573
504627 504627 504627
506669 506669 506669
508699 508699 508699
510718 510718 510718
512725 512725 512725
514721 514721 514721
516704 516704 516704
518676 518676 518676
520635 520635 520635
522582 522582 522582
524516 524516 524516
526438 526438 526438
528347 528347 528347
530244 530244 530244
532127 532127 532127
533998 533998 533998
535855 535855 535855
537699 537699 537699
539530 539530 539530
541347 541347 541347
543151 543151 543151
544941 544941 544941
546717 546717 546717
548479 548479 548479
550227 550227 550227
551962 551962 551962
553681 553681 553681
555387 555387 555387
557078 557078 557078
558755 558755 558755
560416 560416 560416
562064 562064 562064
563696 563696 563696
565313 565313 565313
566915 566915 566915
568503 568503 568503
570074 570074 570074
571631 571631 571631
573172 573172 573172
574697 574697 574697
576207 576207 576207
577701 577701 577701
579180 579180 579180
580642 580642 580642
582089 582089 582089
583519 583519 583519
584933 584933 584933
586331 586331 586331
587713 587713 587713
589078 589078 589078
590426 590426 590426
591758 591758 591758
593074 593074 593074
594372 594372 594372
595654 595654 595654
596919 596919 596919
598167 598167 598167
599398 599398 599398
600611 600611 600611
601808 601808 601808
602987 602987 602987
604148 604148 604148
605293 605293 605293
606419 606419 606419
607529 607529 607529
608620 608620 608620
609694 609694 609694
610750 610750 610750
611788 611788 611788
612808 612808 612808
613811 613811 613811
614795 614795 614795
615761 615761 615761
616709 616709 616709
617639 617639 617639
618551 618551 618551
619444 619444 619444
620319 620319 620319
621175 621175 621175
622013 622013 622013
622832 622832 622832
623633 623633 623633
624415 624415 624415
625179 625179 625179
625924 625924 625924
626650 626650 626650
627357 627357 627357
628045 628045 628045
628715 628715 628715
629365 629365 629365
629996 629996 629996
630609 630609 630609
631202 631202 631202
631776 631776 631776
632332 632332 632332
632868 632868 632868
633384 633384 633384
633882 633882 633882
634360 634360 634360
634819 634819 634819
635259 635259 635259
635679 635679 635679
636080 636080 636080
636461 636461 636461
636823 636823 636823
637166 637166 637166
637489 637489 637489
637793 637793 637793
638077 638077 638077
638342 638342 638342
638587 638587 638587
638812 638812 638812
639018 639018 639018
639205 639205 639205
639372 639372 639372
639519 639519 639519
639647 639647 639647
639755 639755 639755
639843 639843 639843
639912 639912 639912
639961 639961 639961
639990 639990 639990
