0.0131579 2.99995 0.00226725 -0.00226725
0.0263158 6.99973 0.00453332 -0.00453332
0.0394737 10.9995 0.00679704 -0.00679704
0.0526316 15.0042 0.00905723 -0.00905723
0.0657895 19.0666 0.0113127 -0.0113127
0.0789474 23.4034 0.0135623 -0.0135623
0.0921053 28.3423 0.0158049 -0.0158049
0.105263 34.0687 0.0180393 -0.0180393
0.118421 40.6189 0.0202644 -0.0202644
0.131579 47.9855 0.022479 -0.022479
0.144737 56.1579 0.024682 -0.024682
0.157895 65.1283 0.0268723 -0.0268723
0.171053 74.8914 0.0290487 -0.0290487
0.184211 85.4433 0.0312102 -0.0312102
0.197368 96.7812 0.0333556 -0.0333556
0.210526 108.903 0.035484 -0.035484
0.223684 121.807 0.0375942 -0.0375942
0.236842 135.491 0.0396851 -0.0396851
0.25 149.954 0.0417559 -0.0417559
0.263158 165.194 0.0438054 -0.0438054
0.276316 181.211 0.0458328 -0.0458328
0.289474 198.002 0.0478369 -0.0478369
0.302632 215.567 0.0498168 -0.0498168
0.315789 233.903 0.0517717 -0.0517717
0.328947 253.011 0.0537006 -0.0537006
0.342105 272.888 0.0556026 -0.0556026
0.355263 293.533 0.0574768 -0.0574768
0.368421 314.944 0.0593224 -0.0593224
0.381579 337.12 0.0611387 -0.0611387
0.394737 360.06 0.0629247 -0.0629247
0.407895 383.761 0.0646797 -0.0646797
0.421053 408.223 0.066403 -0.066403
0.434211 433.442 0.0680939 -0.0680939
0.447368 459.419 0.0697516 -0.0697516
0.460526 486.151 0.0713754 -0.0713754
0.473684 513.635 0.0729649 -0.0729649
0.486842 541.871 0.0745193 -0.0745193
0.5 570.856 0.076038 -0.076038
0.513158 600.588 0.0775205 -0.0775205
0.526316 631.066 0.0789663 -0.0789663
0.539474 662.287 0.0803749 -0.0803749
0.552632 694.249 0.0817458 -0.0817458
0.565789 726.949 0.0830786 -0.0830786
0.578947 760.387 0.0843728 -0.0843728
0.592105 794.558 0.085628 -0.085628
0.605263 829.462 0.086844 -0.086844
0.618421 865.095 0.0880204 -0.0880204
0.631579 901.456 0.089157 -0.089157
0.644737 938.541 0.0902533 -0.0902533
0.657895 976.349 0.0913093 -0.0913093
0.671053 1014.88 0.0923247 -0.0923247
0.684211 1054.12 0.0932994 -0.0932994
0.697368 1094.08 0.0942331 -0.0942331
0.710526 1134.75 0.0951259 -0.0951259
0.723684 1176.13 0.0959775 -0.0959775
0.736842 1218.21 0.096788 -0.096788
0.75 1261 0.0975574 -0.0975574
0.763158 1304.49 0.0982855 -0.0982855
0.776316 1348.68 0.0989725 -0.0989725
0.789474 1393.56 0.0996185 -0.0996185
0.802632 1439.13 0.100223 -0.100223
0.815789 1485.39 0.100788 -0.100788
0.828947 1532.33 0.101311 -0.101311
0.842105 1579.96 0.101794 -0.101794
0.855263 1628.26 0.102236 -0.102236
0.868421 1677.24 0.102638 -0.102638
0.881579 1726.9 0.103001 -0.103001
0.894737 1777.22 0.103323 -0.103323
0.907895 1828.2 0.103607 -0.103607
0.921053 1879.85 0.103851 -0.103851
0.934211 1932.16 0.104057 -0.104057
0.947368 1985.12 0.104224 -0.104224
0.960526 2038.73 0.104354 -0.104354
0.973684 2092.99 0.104445 -0.104445
0.986842 2147.89 0.1045 -0.1045
1 2203.43 0.104518 -0.104518
1.01316 2259.61 0.1045 -0.1045
1.02632 2316.42 0.104446 -0.104446
1.03947 2373.86 0.104357 -0.104357
1.05263 2431.93 0.104234 -0.104234
1.06579 2490.61 0.104076 -0.104076
1.07895 2549.91 0.103885 -0.103885
1.09211 2609.83 0.10366 -0.10366
1.10526 2670.35 0.103403 -0.103403
1.11842 2731.48 0.103115 -0.103115
1.13158 2793.21 0.102795 -0.102795
1.14474 2855.53 0.102444 -0.102444
1.15789 2918.45 0.102064 -0.102064
1.17105 2981.95 0.101654 -0.101654
1.18421 3046.04 0.101215 -0.101215
1.19737 3110.7 0.100749 -0.100749
1.21053 3175.94 0.100255 -0.100255
1.22368 3241.75 0.0997349 -0.0997349
1.23684 3308.13 0.0991885 -0.0991885
1.25 3375.06 0.0986169 -0.0986169
1.26316 3442.55 0.0980208 -0.0980208
1.27632 3510.6 0.0974008 -0.0974008
1.28947 3579.19 0.0967577 -0.0967577
1.30263 3648.33 0.0960922 -0.0960922
1.31579 3718 0.0954051 -0.0954051
1.32895 3788.21 0.0946969 -0.0946969
1.34211 3858.94 0.0939686 -0.0939686
1.35526 3930.2 0.0932207 -0.0932207
1.36842 4001.98 0.0924541 -0.0924541
1.38158 4074.27 0.0916694 -0.0916694
1.39474 4147.07 0.0908674 -0.0908674
1.40789 4220.37 0.0900488 -0.0900488
1.42105 4294.17 0.0892144 -0.0892144
1.43421 4368.47 0.0883648 -0.0883648
1.44737 4443.26 0.0875008 -0.0875008
1.46053 4518.52 0.086623 -0.086623
1.47368 4594.27 0.0857323 -0.0857323
1.48684 4670.5 0.0848293 -0.0848293
1.5 4747.19 0.0839147 -0.0839147
1.51316 4824.34 0.0829892 -0.0829892
1.52632 4901.95 0.0820534 -0.0820534
1.53947 4980.02 0.0811082 -0.0811082
1.55263 5058.53 0.0801541 -0.0801541
1.56579 5137.48 0.0791919 -0.0791919
1.57895 5216.87 0.0782221 -0.0782221
1.59211 5296.7 0.0772454 -0.0772454
1.60526 5376.94 0.0762626 -0.0762626
1.61842 5457.61 0.0752741 -0.0752741
1.63158 5538.69 0.0742807 -0.0742807
1.64474 5620.19 0.0732829 -0.0732829
1.65789 5702.08 0.0722814 -0.0722814
1.67105 5784.38 0.0712768 -0.0712768
1.68421 5867.07 0.0702696 -0.0702696
1.69737 5950.14 0.0692604 -0.0692604
1.71053 6033.6 0.0682498 -0.0682498
1.72368 6117.43 0.0672383 -0.0672383
1.73684 6201.63 0.0662265 -0.0662265
1.75 6286.2 0.0652148 -0.0652148
1.76316 6371.12 0.0642039 -0.0642039
1.77632 6456.4 0.0631942 -0.0631942
1.78947 6542.02 0.0621862 -0.0621862
1.80263 6627.99 0.0611803 -0.0611803
1.81579 6714.29 0.0601771 -0.0601771
1.82895 6800.92 0.059177 -0.059177
1.84211 6887.88 0.0581804 -0.0581804
1.85526 6975.15 0.0571878 -0.0571878
1.86842 7062.73 0.0561996 -0.0561996
1.88158 7150.62 0.0552162 -0.0552162
1.89474 7238.81 0.0542379 -0.0542379
1.90789 7327.29 0.0532651 -0.0532651
1.92105 7416.07 0.0522983 -0.0522983
1.93421 7505.12 0.0513377 -0.0513377
1.94737 7594.45 0.0503837 -0.0503837
1.96053 7684.05 0.0494366 -0.0494366
1.97368 7773.91 0.0484967 -0.0484967
1.98684 7864.03 0.0475644 -0.0475644
2 7954.4 0.0466398 -0.0466398
2.01316 8045.01 0.0457234 -0.0457234
2.02632 8135.87 0.0448152 -0.0448152
2.03947 8226.95 0.0439157 -0.0439157
2.05263 8318.27 0.0430249 -0.0430249
2.06579 8409.8 0.0421432 -0.0421432
2.07895 8501.55 0.0412708 -0.0412708
2.09211 8593.51 0.0404078 -0.0404078
2.10526 8685.67 0.0395544 -0.0395544
2.11842 8778.02 0.0387108 -0.0387108
2.13158 8870.56 0.0378772 -0.0378772
2.14474 8963.29 0.0370538 -0.0370538
2.15789 9056.19 0.0362405 -0.0362405
2.17105 9149.27 0.0354377 -0.0354377
2.18421 9242.5 0.0346454 -0.0346454
2.19737 9335.9 0.0338637 -0.0338637
2.21053 9429.44 0.0330928 -0.0330928
2.22368 9523.13 0.0323326 -0.0323326
2.23684 9616.96 0.0315834 -0.0315834
2.25 9710.92 0.0308451 -0.0308451
2.26316 9805.01 0.0301178 -0.0301178
2.27632 9899.22 0.0294015 -0.0294015
2.28947 9993.53 0.0286964 -0.0286964
2.30263 10088 0.0280024 -0.0280024
2.31579 10182.5 0.0273196 -0.0273196
2.32895 10277.1 0.0266479 -0.0266479
2.34211 10371.8 0.0259875 -0.0259875
2.35526 10466.6 0.0253382 -0.0253382
2.36842 10561.5 0.0247001 -0.0247001
2.38158 10656.4 0.0240731 -0.0240731
2.39474 10751.4 0.0234573 -0.0234573
2.40789 10846.4 0.0228526 -0.0228526
2.42105 10941.5 0.022259 -0.022259
2.43421 11036.7 0.0216764 -0.0216764
2.44737 11131.8 0.0211047 -0.0211047
2.46053 11227 0.020544 -0.020544
2.47368 11322.3 0.0199942 -0.0199942
2.48684 11417.5 0.0194551 -0.0194551
2.5 11512.8 0.0189268 -0.0189268
2.51316 11608 0.0184091 -0.0184091
2.52632 11703.3 0.017902 -0.017902
2.53947 11798.5 0.0174054 -0.0174054
2.55263 11893.7 0.0169192 -0.0169192
2.56579 11988.9 0.0164433 -0.0164433
2.57895 12084.1 0.0159775 -0.0159775
2.59211 12179.2 0.0155219 -0.0155219
2.60526 12274.3 0.0150763 -0.0150763
2.61842 12369.4 0.0146405 -0.0146405
2.63158 12464.4 0.0142146 -0.0142146
2.64474 12559.3 0.0137982 -0.0137982
2.65789 12654.2 0.0133915 -0.0133915
2.67105 12748.9 0.0129941 -0.0129941
2.68421 12843.6 0.0126061 -0.0126061
2.69737 12938.3 0.0122272 -0.0122272
2.71053 13032.8 0.0118574 -0.0118574
2.72368 13127.2 0.0114965 -0.0114965
2.73684 13221.5 0.0111444 -0.0111444
2.75 13315.7 0.010801 -0.010801
2.76316 13409.8 0.0104661 -0.0104661
2.77632 13503.8 0.0101396 -0.0101396
2.78947 13597.6 0.00982133 -0.00982133
2.80263 13691.3 0.00951122 -0.00951122
2.81579 13784.9 0.00920911 -0.00920911
2.82895 13878.3 0.00891486 -0.00891486
2.84211 13971.5 0.00862832 -0.00862832
2.85526 14064.6 0.00834937 -0.00834937
2.86842 14157.5 0.00807787 -0.00807787
2.88158 14250.2 0.00781368 -0.00781368
2.89474 14342.7 0.00755667 -0.00755667
2.90789 14435.1 0.00730669 -0.00730669
2.92105 14527.2 0.00706362 -0.00706362
2.93421 14619.2 0.00682731 -0.00682731
2.94737 14711 0.00659763 -0.00659763
2.96053 14802.5 0.00637445 -0.00637445
2.97368 14893.8 0.00615763 -0.00615763
2.98684 14984.9 0.00594703 -0.00594703
3 15075.7 0.00574254 -0.00574254
3.01316 15166.4 0.00554401 -0.00554401
3.02632 15256.7 0.00535132 -0.00535132
3.03947 15346.8 0.00516433 -0.00516433
3.05263 15436.7 0.00498292 -0.00498292
3.06579 15526.3 0.00480696 -0.00480696
3.07895 15615.6 0.00463632 -0.00463632
3.09211 15704.7 0.00447089 -0.00447089
3.10526 15793.5 0.00431053 -0.00431053
3.11842 15881.9 0.00415514 -0.00415514
3.13158 15970.1 0.00400458 -0.00400458
3.14474 16058 0.00385874 -0.00385874
3.15789 16145.6 0.0037175 -0.0037175
3.17105 16232.9 0.00358075 -0.00358075
3.18421 16319.8 0.00344837 -0.00344837
3.19737 16406.5 0.00332026 -0.00332026
3.21053 16492.8 0.0031963 -0.0031963
3.22368 16578.7 0.00307638 -0.00307638
3.23684 16664.4 0.0029604 -0.0029604
3.25 16749.6 0.00284825 -0.00284825
3.26316 16834.6 0.00273983 -0.00273983
3.27632 16919.1 0.00263504 -0.00263504
3.28947 17003.3 0.00253378 -0.00253378
3.30263 17087.2 0.00243595 -0.00243595
3.31579 17170.6 0.00234145 -0.00234145
3.32895 17253.7 0.00225019 -0.00225019
3.34211 17336.4 0.00216209 -0.00216209
3.35526 17418.7 0.00207704 -0.00207704
3.36842 17500.6 0.00199496 -0.00199496
3.38158 17582.1 0.00191576 -0.00191576
3.39474 17663.1 0.00183936 -0.00183936
3.40789 17743.8 0.00176567 -0.00176567
3.42105 17824.1 0.00169462 -0.00169462
3.43421 17903.9 0.00162612 -0.00162612
3.44737 17983.3 0.0015601 -0.0015601
3.46053 18062.2 0.00149648 -0.00149648
3.47368 18140.7 0.00143518 -0.00143518
3.48684 18218.8 0.00137614 -0.00137614
3.5 18296.4 0.00131927 -0.00131927
3.51316 18373.6 0.00126452 -0.00126452
3.52632 18450.3 0.00121182 -0.00121182
3.53947 18526.5 0.00116109 -0.00116109
3.55263 18602.2 0.00111228 -0.00111228
3.56579 18677.5 0.00106533 -0.00106533
3.57895 18752.3 0.00102016 -0.00102016
3.59211 18826.6 0.000976727 -0.000976727
3.60526 18900.4 0.000934969 -0.000934969
3.61842 18973.7 0.000894829 -0.000894829
3.63158 19046.5 0.000856253 -0.000856253
3.64474 19118.8 0.000819187 -0.000819187
3.65789 19190.6 0.000783579 -0.000783579
3.67105 19261.8 0.00074938 -0.00074938
3.68421 19332.5 0.00071654 -0.00071654
3.69737 19402.8 0.000685012 -0.000685012
3.71053 19472.4 0.000654749 -0.000654749
3.72368 19541.6 0.000625707 -0.000625707
3.73684 19610.2 0.000597842 -0.000597842
3.75 19678.2 0.000571112 -0.000571112
3.76316 19745.7 0.000545475 -0.000545475
3.77632 19812.6 0.000520893 -0.000520893
3.78947 19879 0.000497326 -0.000497326
3.80263 19944.8 0.000474737 -0.000474737
3.81579 20010.1 0.000453091 -0.000453091
3.82895 20074.7 0.000432351 -0.000432351
3.84211 20138.8 0.000412484 -0.000412484
3.85526 20202.3 0.000393456 -0.000393456
3.86842 20265.2 0.000375237 -0.000375237
3.88158 20327.5 0.000357796 -0.000357796
3.89474 20389.3 0.000341101 -0.000341101
3.90789 20450.4 0.000325126 -0.000325126
3.92105 20510.9 0.000309841 -0.000309841
3.93421 20570.8 0.00029522 -0.00029522
3.94737 20630.1 0.000281237 -0.000281237
3.96053 20688.8 0.000267866 -0.000267866
3.97368 20746.9 0.000255084 -0.000255084
3.98684 20804.3 0.000242866 -0.000242866
4 20861.1 0.000231191 -0.000231191
4.01316 20917.3 0.000220036 -0.000220036
4.02632 20972.9 0.00020938 -0.00020938
4.03947 21027.8 0.000199203 -0.000199203
4.05263 21082 0.000189486 -0.000189486
4.06579 21135.6 0.000180209 -0.000180209
4.07895 21188.6 0.000171354 -0.000171354
4.09211 21240.9 0.000162903 -0.000162903
4.10526 21292.6 0.000154841 -0.000154841
4.11842 21343.5 0.000147149 -0.000147149
4.13158 21393.9 0.000139813 -0.000139814
4.14474 21443.5 0.000132818 -0.000132818
4.15789 21492.5 0.000126149 -0.000126149
4.17105 21540.8 0.000119792 -0.000119792
4.18421 21588.4 0.000113734 -0.000113734
4.19737 21635.4 0.000107961 -0.000107961
4.21053 21681.6 0.000102462 -0.000102462
4.22368 21727.2 9.72235e-05 -9.72235e-05
4.23684 21772.1 9.22351e-05 -9.22351e-05
4.25 21816.3 8.74854e-05 -8.74854e-05
4.26316 21859.8 8.29638e-05 -8.29638e-05
4.27632 21902.5 7.86603e-05 -7.86603e-05
4.28947 21944.6 7.45648e-05 -7.45649e-05
4.30263 21986 7.06682e-05 -7.06683e-05
4.31579 22026.7 6.69614e-05 -6.69614e-05
4.32895 22066.6 6.34358e-05 -6.34358e-05
4.34211 22105.9 6.0083e-05 -6.0083e-05
4.35526 22144.4 5.68951e-05 -5.68951e-05
4.36842 22182.2 5.38645e-05 -5.38645e-05
4.38158 22219.3 5.09839e-05 -5.0984e-05
4.39474 22255.7 4.82463e-05 -4.82463e-05
4.40789 22291.3 4.5645e-05 -4.5645e-05
4.42105 22326.2 4.31735e-05 -4.31735e-05
4.43421 22360.4 4.08256e-05 -4.08256e-05
4.44737 22393.8 3.85956e-05 -3.85956e-05
4.46053 22426.5 3.64776e-05 -3.64776e-05
4.47368 22458.5 3.44664e-05 -3.44664e-05
4.48684 22489.7 3.25566e-05 -3.25567e-05
4.5 22520.2 3.07435e-05 -3.07435e-05
4.51316 22549.9 2.90222e-05 -2.90222e-05
4.52632 22578.9 2.73881e-05 -2.73881e-05
4.53947 22607.1 2.58369e-05 -2.5837e-05
4.55263 22634.6 2.43646e-05 -2.43646e-05
4.56579 22661.3 2.29669e-05 -2.29669e-05
4.57895 22687.3 2.16403e-05 -2.16403e-05
4.59211 22712.5 2.0381e-05 -2.0381e-05
4.60526 22737 1.91854e-05 -1.91854e-05
4.61842 22760.7 1.80504e-05 -1.80504e-05
4.63158 22783.6 1.69727e-05 -1.69727e-05
4.64474 22805.8 1.59491e-05 -1.59491e-05
4.65789 22827.2 1.49769e-05 -1.49769e-05
4.67105 22847.9 1.40531e-05 -1.40531e-05
4.68421 22867.7 1.31751e-05 -1.31751e-05
4.69737 22886.8 1.23404e-05 -1.23404e-05
4.71053 22905.2 1.15463e-05 -1.15463e-05
4.72368 22922.7 1.07906e-05 -1.07907e-05
4.73684 22939.5 1.00711e-05 -1.00711e-05
4.75 22955.6 9.38534e-06 -9.38535e-06
4.76316 22970.8 8.73142e-06 -8.73142e-06
4.77632 22985.3 8.10726e-06 -8.10726e-06
4.78947 22998.9 7.51092e-06 -7.51092e-06
4.80263 23011.8 6.9405e-06 -6.94049e-06
4.81579 23024 6.39419e-06 -6.39418e-06
4.82895 23035.3 5.87023e-06 -5.87023e-06
4.84211 23045.9 5.36692e-06 -5.36692e-06
4.85526 23055.6 4.88261e-06 -4.88261e-06
4.86842 23064.6 4.41569e-06 -4.41569e-06
4.88158 23072.8 3.9646e-06 -3.9646e-06
4.89474 23080.2 3.52781e-06 -3.5278e-06
4.90789 23086.7 3.10381e-06 -3.10381e-06
4.92105 23092.5 2.69115e-06 -2.69115e-06
4.93421 23097.3 2.28837e-06 -2.28837e-06
4.94737 23101.3 1.89405e-06 -1.89405e-06
4.96053 23104.4 1.50678e-06 -1.50678e-06
4.97368 23107.7 1.12514e-06 -1.12513e-06
4.98684 23112.3 7.4773e-07 -7.47729e-07
5 23118.9 3.73154e-07 -3.73154e-07
