0.0125 2.23096 0.000723503 -0.000723503
0.025 4.16789 0.0014558 -0.0014558
0.0375 6.37797 0.00219668 -0.00219668
0.05 9.18476 0.00294596 -0.00294596
0.0625 12.7469 0.00370341 -0.00370341
0.075 17.0913 0.00446883 -0.00446883
0.0875 22.2194 0.005242 -0.005242
0.1 28.1306 0.00602271 -0.00602271
0.1125 34.8243 0.00681073 -0.00681073
0.125 42.3001 0.00760585 -0.00760585
0.1375 50.5577 0.00840782 -0.00840782
0.15 59.5967 0.00921642 -0.00921642
0.1625 69.4168 0.0100314 -0.0100314
0.175 80.0174 0.0108526 -0.0108526
0.1875 91.398 0.0116796 -0.0116796
0.2 103.558 0.0125124 -0.0125124
0.2125 116.497 0.0133506 -0.0133506
0.225 130.213 0.014194 -0.014194
0.2375 144.707 0.0150423 -0.0150423
0.25 159.978 0.0158953 -0.0158953
0.2625 176.024 0.0167527 -0.0167527
0.275 192.844 0.0176143 -0.0176143
0.2875 210.438 0.0184798 -0.0184798
0.3 228.805 0.019349 -0.019349
0.3125 247.943 0.0202216 -0.0202216
0.325 267.851 0.0210973 -0.0210973
0.3375 288.529 0.0219759 -0.0219759
0.35 309.974 0.0228571 -0.0228571
0.3625 332.186 0.0237407 -0.0237407
0.375 355.163 0.0246263 -0.0246263
0.3875 378.904 0.0255138 -0.0255138
0.4 403.407 0.0264028 -0.0264028
0.4125 428.671 0.0272931 -0.0272931
0.425 454.695 0.0281843 -0.0281843
0.4375 481.476 0.0290763 -0.0290763
0.45 509.013 0.0299688 -0.0299688
0.4625 537.305 0.0308615 -0.0308615
0.475 566.349 0.0317541 -0.0317541
0.4875 596.145 0.0326463 -0.0326463
0.5 626.689 0.033538 -0.033538
0.5125 657.981 0.0344287 -0.0344287
0.525 690.018 0.0353183 -0.0353183
0.5375 722.798 0.0362065 -0.0362065
0.55 756.32 0.037093 -0.037093
0.5625 790.581 0.0379776 -0.0379776
0.575 825.58 0.0388599 -0.0388599
0.5875 861.313 0.0397397 -0.0397397
0.6 897.779 0.0406168 -0.0406168
0.6125 934.976 0.0414909 -0.0414909
0.625 972.901 0.0423617 -0.0423617
0.6375 1011.55 0.043229 -0.043229
0.65 1050.93 0.0440925 -0.0440925
0.6625 1091.02 0.044952 -0.044952
0.675 1131.84 0.0458071 -0.0458071
0.6875 1173.37 0.0466577 -0.0466577
0.7 1215.61 0.0475035 -0.0475035
0.7125 1258.57 0.0483443 -0.0483443
0.725 1302.24 0.0491798 -0.0491798
0.7375 1346.61 0.0500097 -0.0500097
0.75 1391.68 0.0508339 -0.0508339
0.7625 1437.45 0.051652 -0.051652
0.775 1483.93 0.0524639 -0.0524639
0.7875 1531.09 0.0532693 -0.0532693
0.8 1578.95 0.054068 -0.054068
0.8125 1627.5 0.0548598 -0.0548598
0.825 1676.73 0.0556444 -0.0556444
0.8375 1726.65 0.0564217 -0.0564217
0.85 1777.24 0.0571913 -0.0571913
0.8625 1828.51 0.0579531 -0.0579531
0.875 1880.46 0.0587069 -0.0587069
0.8875 1933.08 0.0594525 -0.0594525
0.9 1986.36 0.0601897 -0.0601897
0.9125 2040.31 0.0609182 -0.0609182
0.925 2094.91 0.0616379 -0.0616379
0.9375 2150.18 0.0623486 -0.0623486
0.95 2206.1 0.0630501 -0.0630501
0.9625 2262.67 0.0637422 -0.0637422
0.975 2319.88 0.0644248 -0.0644248
0.9875 2377.74 0.0650976 -0.0650976
1 2436.24 0.0657604 -0.0657604
1.0125 2495.38 0.0664133 -0.0664133
1.025 2555.15 0.0670558 -0.0670558
1.0375 2615.54 0.067688 -0.067688
1.05 2676.57 0.0683096 -0.0683096
1.0625 2738.21 0.0689205 -0.0689205
1.075 2800.47 0.0695206 -0.0695206
1.0875 2863.35 0.0701096 -0.0701096
1.1 2926.84 0.0706876 -0.0706876
1.1125 2990.93 0.0712542 -0.0712542
1.125 3055.62 0.0718095 -0.0718095
1.1375 3120.91 0.0723533 -0.0723533
1.15 3186.8 0.0728855 -0.0728855
1.1625 3253.28 0.0734059 -0.0734059
1.175 3320.34 0.0739145 -0.0739145
1.1875 3387.99 0.0744111 -0.0744111
1.2 3456.21 0.0748956 -0.0748956
1.2125 3525.01 0.0753681 -0.0753681
1.225 3594.37 0.0758283 -0.0758283
1.2375 3664.3 0.0762762 -0.0762762
1.25 3734.8 0.0767116 -0.0767116
1.2625 3805.85 0.0771347 -0.0771347
1.275 3877.45 0.0775451 -0.0775451
1.2875 3949.6 0.077943 -0.077943
1.3 4022.29 0.0783282 -0.0783282
1.3125 4095.52 0.0787007 -0.0787007
1.325 4169.29 0.0790604 -0.0790604
1.3375 4243.58 0.0794073 -0.0794073
1.35 4318.4 0.0797414 -0.0797414
1.3625 4393.74 0.0800626 -0.0800626
1.375 4469.6 0.0803708 -0.0803708
1.3875 4545.97 0.0806661 -0.0806661
1.4 4622.85 0.0809484 -0.0809484
1.4125 4700.23 0.0812177 -0.0812177
1.425 4778.1 0.0814741 -0.0814741
1.4375 4856.47 0.0817174 -0.0817174
1.45 4935.33 0.0819477 -0.0819477
1.4625 5014.67 0.0821651 -0.0821651
1.475 5094.48 0.0823694 -0.0823694
1.4875 5174.77 0.0825607 -0.0825607
1.5 5255.53 0.0827391 -0.0827391
1.5125 5336.75 0.0829045 -0.0829045
1.525 5418.43 0.083057 -0.083057
1.5375 5500.57 0.0831966 -0.0831966
1.55 5583.15 0.0833233 -0.0833233
1.5625 5666.17 0.0834372 -0.0834372
1.575 5749.63 0.0835383 -0.0835383
1.5875 5833.53 0.0836267 -0.0836267
1.6 5917.85 0.0837024 -0.0837024
1.6125 6002.6 0.0837655 -0.0837655
1.625 6087.76 0.0838159 -0.0838159
1.6375 6173.34 0.0838539 -0.0838539
1.65 6259.32 0.0838794 -0.0838794
1.6625 6345.7 0.0838926 -0.0838926
1.675 6432.48 0.0838934 -0.0838934
1.6875 6519.66 0.083882 -0.083882
1.7 6607.21 0.0838585 -0.0838585
1.7125 6695.15 0.0838229 -0.0838229
1.725 6783.46 0.0837754 -0.0837754
1.7375 6872.14 0.083716 -0.083716
1.75 6961.19 0.0836448 -0.0836448
1.7625 7050.59 0.0835619 -0.0835619
1.775 7140.35 0.0834674 -0.0834674
1.7875 7230.46 0.0833615 -0.0833615
1.8 7320.9 0.0832441 -0.0832441
1.8125 7411.69 0.0831156 -0.0831156
1.825 7502.8 0.0829759 -0.0829759
1.8375 7594.24 0.0828251 -0.0828251
1.85 7686 0.0826635 -0.0826635
1.8625 7778.08 0.0824911 -0.0824911
1.875 7870.46 0.082308 -0.082308
1.8875 7963.14 0.0821144 -0.0821144
1.9 8056.12 0.0819104 -0.0819104
1.9125 8149.4 0.0816961 -0.0816961
1.925 8242.96 0.0814717 -0.0814717
1.9375 8336.8 0.0812373 -0.0812373
1.95 8430.91 0.080993 -0.080993
1.9625 8525.29 0.080739 -0.080739
1.975 8619.93 0.0804755 -0.0804755
1.9875 8714.83 0.0802025 -0.0802025
2 8809.99 0.0799203 -0.0799203
2.0125 8905.38 0.0796289 -0.0796289
2.025 9001.02 0.0793286 -0.0793286
2.0375 9096.89 0.0790194 -0.0790194
2.05 9192.98 0.0787016 -0.0787016
2.0625 9289.3 0.0783752 -0.0783752
2.075 9385.84 0.0780405 -0.0780405
2.0875 9482.58 0.0776976 -0.0776976
2.1 9579.53 0.0773466 -0.0773466
2.1125 9676.67 0.0769878 -0.0769878
2.125 9774.01 0.0766212 -0.0766212
2.1375 9871.54 0.0762471 -0.0762471
2.15 9969.24 0.0758655 -0.0758655
2.1625 10067.1 0.0754768 -0.0754768
2.175 10165.2 0.075081 -0.075081
2.1875 10263.4 0.0746782 -0.0746782
2.2 10361.7 0.0742688 -0.0742688
2.2125 10460.2 0.0738527 -0.0738527
2.225 10558.9 0.0734303 -0.0734303
2.2375 10657.7 0.0730016 -0.0730016
2.25 10756.6 0.0725668 -0.0725668
2.2625 10855.7 0.0721261 -0.0721261
2.275 10954.8 0.0716797 -0.0716797
2.2875 11054.1 0.0712277 -0.0712277
2.3 11153.5 0.0707704 -0.0707704
2.3125 11253 0.0703077 -0.0703077
2.325 11352.6 0.06984 -0.06984
2.3375 11452.3 0.0693674 -0.0693674
2.35 11552 0.0688901 -0.0688901
2.3625 11651.9 0.0684082 -0.0684082
2.375 11751.8 0.0679219 -0.0679219
2.3875 11851.8 0.0674313 -0.0674313
2.4 11951.8 0.0669367 -0.0669367
2.4125 12051.9 0.0664381 -0.0664381
2.425 12152 0.0659358 -0.0659358
2.4375 12252.2 0.0654299 -0.0654299
2.45 12352.4 0.0649206 -0.0649206
2.4625 12452.6 0.064408 -0.064408
2.475 12552.9 0.0638923 -0.0638923
2.4875 12653.1 0.0633737 -0.0633737
2.5 12753.4 0.0628522 -0.0628522
2.5125 12853.7 0.0623281 -0.0623281
2.525 12954 0.0618016 -0.0618016
2.5375 13054.2 0.0612727 -0.0612727
2.55 13154.5 0.0607416 -0.0607416
2.5625 13254.7 0.0602085 -0.0602085
2.575 13354.9 0.0596736 -0.0596736
2.5875 13455.1 0.0591369 -0.0591369
2.6 13555.2 0.0585986 -0.0585986
2.6125 13655.3 0.0580589 -0.0580589
2.625 13755.3 0.057518 -0.057518
2.6375 13855.3 0.0569758 -0.0569758
2.65 13955.2 0.0564327 -0.0564327
2.6625 14055 0.0558887 -0.0558887
2.675 14154.8 0.055344 -0.055344
2.6875 14254.5 0.0547987 -0.0547987
2.7 14354.1 0.0542529 -0.0542529
2.7125 14453.6 0.0537068 -0.0537068
2.725 14553 0.0531605 -0.0531605
2.7375 14652.2 0.0526142 -0.0526142
2.75 14751.4 0.0520679 -0.0520679
2.7625 14850.5 0.0515218 -0.0515218
2.775 14949.4 0.0509761 -0.0509761
2.7875 15048.2 0.0504307 -0.0504307
2.8 15146.8 0.0498859 -0.0498859
2.8125 15245.3 0.0493418 -0.0493418
2.825 15343.7 0.0487985 -0.0487985
2.8375 15441.9 0.0482561 -0.0482561
2.85 15540 0.0477147 -0.0477147
2.8625 15637.8 0.0471744 -0.0471744
2.875 15735.5 0.0466353 -0.0466353
2.8875 15833.1 0.0460976 -0.0460976
2.9 15930.4 0.0455613 -0.0455613
2.9125 16027.5 0.0450265 -0.0450265
2.925 16124.5 0.0444934 -0.0444934
2.9375 16221.2 0.0439621 -0.0439621
2.95 16317.8 0.0434325 -0.0434325
2.9625 16414.1 0.0429049 -0.0429049
2.975 16510.2 0.0423793 -0.0423793
2.9875 16606 0.0418558 -0.0418558
3 16701.7 0.0413345 -0.0413345
3.0125 16797.1 0.0408155 -0.0408155
3.025 16892.2 0.0402988 -0.0402988
3.0375 16987.1 0.0397846 -0.0397846
3.05 17081.8 0.0392729 -0.0392729
3.0625 17176.2 0.0387638 -0.0387638
3.075 17270.3 0.0382573 -0.0382573
3.0875 17364.1 0.0377536 -0.0377536
3.1 17457.7 0.0372527 -0.0372527
3.1125 17550.9 0.0367546 -0.0367546
3.125 17643.9 0.0362596 -0.0362596
3.1375 17736.6 0.0357675 -0.0357675
3.15 17829 0.0352785 -0.0352785
3.1625 17921 0.0347926 -0.0347926
3.175 18012.8 0.0343099 -0.0343099
3.1875 18104.2 0.0338304 -0.0338304
3.2 18195.4 0.0333542 -0.0333542
3.2125 18286.1 0.0328814 -0.0328814
3.225 18376.6 0.0324119 -0.0324119
3.2375 18466.7 0.0319459 -0.0319459
3.25 18556.4 0.0314834 -0.0314834
3.2625 18645.8 0.0310244 -0.0310244
3.275 18734.9 0.030569 -0.030569
3.2875 18823.6 0.0301172 -0.0301172
3.3 18911.9 0.0296691 -0.0296691
3.3125 18999.8 0.0292246 -0.0292246
3.325 19087.4 0.0287838 -0.0287838
3.3375 19174.5 0.0283468 -0.0283468
3.35 19261.3 0.0279136 -0.0279136
3.3625 19347.7 0.0274842 -0.0274842
3.375 19433.7 0.0270586 -0.0270586
3.3875 19519.3 0.0266369 -0.0266369
3.4 19604.4 0.026219 -0.026219
3.4125 19689.2 0.0258051 -0.0258051
3.425 19773.5 0.0253951 -0.0253951
3.4375 19857.4 0.024989 -0.024989
3.45 19940.8 0.0245869 -0.0245869
3.4625 20023.9 0.0241888 -0.0241888
3.475 20106.4 0.0237946 -0.0237946
3.4875 20188.6 0.0234045 -0.0234045
3.5 20270.3 0.0230183 -0.0230183
3.5125 20351.5 0.0226362 -0.0226362
3.525 20432.2 0.0222581 -0.0222581
3.5375 20512.5 0.0218841 -0.0218841
3.55 20592.3 0.021514 -0.021514
3.5625 20671.7 0.021148 -0.021148
3.575 20750.5 0.0207861 -0.0207861
3.5875 20828.9 0.0204282 -0.0204282
3.6 20906.8 0.0200743 -0.0200743
3.6125 20984.1 0.0197245 -0.0197245
3.625 21061 0.0193787 -0.0193787
3.6375 21137.4 0.0190369 -0.0190369
3.65 21213.2 0.0186992 -0.0186992
3.6625 21288.6 0.0183654 -0.0183654
3.675 21363.4 0.0180357 -0.0180357
3.6875 21437.7 0.0177099 -0.0177099
3.7 21511.4 0.0173882 -0.0173882
3.7125 21584.7 0.0170704 -0.0170704
3.725 21657.4 0.0167566 -0.0167566
3.7375 21729.5 0.0164467 -0.0164467
3.75 21801.1 0.0161407 -0.0161407
3.7625 21872.2 0.0158387 -0.0158387
3.775 21942.6 0.0155405 -0.0155405
3.7875 22012.6 0.0152463 -0.0152463
3.8 22081.9 0.0149559 -0.0149559
3.8125 22150.7 0.0146693 -0.0146693
3.825 22218.9 0.0143865 -0.0143865
3.8375 22286.6 0.0141076 -0.0141076
3.85 22353.6 0.0138324 -0.0138324
3.8625 22420.1 0.0135609 -0.0135609
3.875 22486 0.0132932 -0.0132932
3.8875 22551.3 0.0130292 -0.0130292
3.9 22616 0.0127688 -0.0127688
3.9125 22680.1 0.0125122 -0.0125122
3.925 22743.6 0.0122591 -0.0122591
3.9375 22806.4 0.0120096 -0.0120096
3.95 22868.7 0.0117637 -0.0117637
3.9625 22930.3 0.0115213 -0.0115213
3.975 22991.3 0.0112824 -0.0112824
3.9875 23051.7 0.011047 -0.011047
4 23111.5 0.010815 -0.010815
4.0125 23170.6 0.0105865 -0.0105865
4.025 23229.1 0.0103613 -0.0103613
4.0375 23287 0.0101395 -0.0101395
4.05 23344.2 0.00992094 -0.00992094
4.0625 23400.8 0.00970571 -0.00970571
4.075 23456.7 0.00949372 -0.00949372
4.0875 23511.9 0.00928495 -0.00928495
4.1 23566.5 0.00907936 -0.00907936
4.1125 23620.5 0.0088769 -0.0088769
4.125 23673.8 0.00867756 -0.00867756
4.1375 23726.4 0.00848129 -0.00848129
4.15 23778.3 0.00828805 -0.00828805
4.1625 23829.6 0.00809781 -0.00809781
4.175 23880.2 0.00791053 -0.00791053
4.1875 23930.1 0.00772618 -0.00772618
4.2 23979.3 0.00754472 -0.00754472
4.2125 24027.8 0.0073661 -0.0073661
4.225 24075.7 0.0071903 -0.0071903
4.2375 24122.9 0.00701727 -0.00701727
4.25 24169.3 0.00684697 -0.00684697
4.2625 24215.1 0.00667937 -0.00667937
4.275 24260.2 0.00651443 -0.00651443
4.2875 24304.5 0.0063521 -0.0063521
4.3 24348.2 0.00619236 -0.00619236
4.3125 24391.1 0.00603515 -0.00603515
4.325 24433.4 0.00588044 -0.00588044
4.3375 24474.9 0.00572819 -0.00572819
4.35 24515.7 0.00557836 -0.00557836
4.3625 24555.8 0.00543091 -0.00543091
4.375 24595.2 0.0052858 -0.0052858
4.3875 24633.8 0.00514299 -0.00514299
4.4 24671.7 0.00500243 -0.00500243
4.4125 24708.9 0.00486409 -0.00486409
4.425 24745.4 0.00472793 -0.00472793
4.4375 24781.1 0.0045939 -0.0045939
4.45 24816.1 0.00446197 -0.00446197
4.4625 24850.3 0.00433209 -0.00433209
4.475 24883.8 0.00420422 -0.00420422
4.4875 24916.6 0.00407832 -0.00407832
4.5 24948.6 0.00395435 -0.00395435
4.5125 24979.9 0.00383226 -0.00383226
4.525 25010.5 0.00371202 -0.00371202
4.5375 25040.2 0.00359359 -0.00359359
4.55 25069.3 0.00347691 -0.00347691
4.5625 25097.6 0.00336196 -0.00336196
4.575 25125.1 0.00324868 -0.00324868
4.5875 25151.9 0.00313704 -0.00313704
4.6 25177.9 0.00302698 -0.00302698
4.6125 25203.1 0.00291848 -0.00291848
4.625 25227.6 0.00281149 -0.00281149
4.6375 25251.3 0.00270595 -0.00270595
4.65 25274.3 0.00260184 -0.00260184
4.6625 25296.5 0.00249911 -0.00249911
4.675 25317.9 0.00239772 -0.00239772
4.6875 25338.6 0.00229761 -0.00229761
4.7 25358.5 0.00219875 -0.00219875
4.7125 25377.6 0.0021011 -0.0021011
4.725 25396 0.0020046 -0.0020046
4.7375 25413.5 0.00190923 -0.00190923
4.75 25430.3 0.00181492 -0.00181492
4.7625 25446.4 0.00172164 -0.00172164
4.775 25461.6 0.00162934 -0.00162934
4.7875 25476.1 0.00153798 -0.00153798
4.8 25489.8 0.0014475 -0.0014475
4.8125 25502.7 0.00135788 -0.00135788
4.825 25514.8 0.00126905 -0.00126905
4.8375 25526.2 0.00118098 -0.00118098
4.85 25536.8 0.00109361 -0.00109361
4.8625 25546.5 0.0010069 -0.0010069
4.875 25555.5 0.000920803 -0.000920803
4.8875 25563.8 0.000835268 -0.000835268
4.9 25571.2 0.000750248 -0.000750248
4.9125 25577.8 0.000665695 -0.000665695
4.925 25583.7 0.000581558 -0.000581558
4.9375 25588.8 0.000497788 -0.000497788
4.95 25593 0.000414334 -0.000414334
4.9625 25596.5 0.000331146 -0.000331146
4.975 25599.1 0.000248171 -0.000248171
4.9875 25600.7 0.000165357 -0.000165357
5 25602.7 8.26511e-05 -8.26511e-05
