0.05 0.349999 0.00033022 -0.00033022
0.1 0.532556 0.000676661 -0.000676661
0.15 0.720938 0.00103943 -0.00103943
0.2 0.922099 0.00141861 -0.00141861
0.25 1.15375 0.00181428 -0.00181428
0.3 1.42979 0.00222651 -0.00222651
0.35 1.75438 0.00265534 -0.00265534
0.4 2.12792 0.00310082 -0.00310082
0.45 2.55026 0.00356298 -0.00356298
0.5 3.0213 0.00404181 -0.00404181
0.55 3.54097 0.00453732 -0.00453732
0.6 4.10924 0.00504949 -0.00504949
0.65 4.72611 0.0055783 -0.0055783
0.7 5.39155 0.00612369 -0.00612369
0.75 6.10556 0.00668562 -0.00668562
0.8 6.8681 0.007264 -0.007264
0.85 7.67917 0.00785876 -0.00785876
0.9 8.53872 0.00846979 -0.00846979
0.95 9.44673 0.00909698 -0.00909698
1 10.4031 0.0097402 -0.0097402
1.05 11.4079 0.0103993 -0.0103993
1.1 12.461 0.0110742 -0.0110742
1.15 13.5624 0.0117646 -0.0117646
1.2 14.712 0.0124703 -0.0124703
1.25 15.9097 0.0131913 -0.0131913
1.3 17.1555 0.0139272 -0.0139272
1.35 18.4493 0.0146779 -0.0146779
1.4 19.791 0.0154431 -0.0154431
1.45 21.1806 0.0162225 -0.0162225
1.5 22.618 0.017016 -0.017016
1.55 24.103 0.0178231 -0.0178231
1.6 25.6357 0.0186436 -0.0186436
1.65 27.2159 0.0194773 -0.0194773
1.7 28.8435 0.0203238 -0.0203238
1.75 30.5184 0.0211827 -0.0211827
1.8 32.2405 0.0220538 -0.0220538
1.85 34.0098 0.0229366 -0.0229366
1.9 35.8261 0.0238309 -0.0238309
1.95 37.6893 0.0247362 -0.0247362
2 39.5992 0.0256522 -0.0256522
2.05 41.5559 0.0265784 -0.0265784
2.1 43.5591 0.0275145 -0.0275145
2.15 45.6087 0.02846 -0.02846
2.2 47.7047 0.0294146 -0.0294146
2.25 49.8468 0.0303777 -0.0303777
2.3 52.035 0.0313489 -0.0313489
2.35 54.2692 0.0323278 -0.0323278
2.4 56.5491 0.033314 -0.033314
2.45 58.8746 0.0343069 -0.0343069
2.5 61.2457 0.0353061 -0.0353061
2.55 63.6621 0.036311 -0.036311
2.6 66.1237 0.0373213 -0.0373213
2.65 68.6304 0.0383364 -0.0383364
2.7 71.182 0.0393558 -0.0393558
2.75 73.7784 0.0403789 -0.0403789
2.8 76.4194 0.0414054 -0.0414054
2.85 79.1048 0.0424346 -0.0424346
2.9 81.8344 0.0434661 -0.0434661
2.95 84.6082 0.0444993 -0.0444993
3 87.4259 0.0455337 -0.0455337
3.05 90.2873 0.0465688 -0.0465688
3.1 93.1924 0.047604 -0.047604
3.15 96.1408 0.0486388 -0.0486388
3.2 99.1325 0.0496726 -0.0496726
3.25 102.167 0.050705 -0.050705
3.3 105.245 0.0517353 -0.0517353
3.35 108.365 0.0527631 -0.0527631
3.4 111.528 0.0537878 -0.0537878
3.45 114.733 0.0548089 -0.0548089
3.5 117.98 0.0558258 -0.0558258
3.55 121.269 0.0568381 -0.0568381
3.6 124.6 0.0578451 -0.0578451
3.65 127.972 0.0588463 -0.0588463
3.7 131.385 0.0598412 -0.0598412
3.75 134.84 0.0608294 -0.0608294
3.8 138.335 0.0618102 -0.0618102
3.85 141.871 0.0627832 -0.0627832
3.9 145.448 0.0637478 -0.0637478
3.95 149.064 0.0647035 -0.0647035
4 152.721 0.06565 -0.06565
4.05 156.417 0.0665865 -0.0665865
4.1 160.153 0.0675128 -0.0675128
4.15 163.928 0.0684282 -0.0684282
4.2 167.743 0.0693323 -0.0693323
4.25 171.596 0.0702247 -0.0702247
4.3 175.488 0.0711048 -0.0711048
4.35 179.418 0.0719723 -0.0719723
4.4 183.386 0.0728268 -0.0728268
4.45 187.392 0.0736676 -0.0736676
4.5 191.436 0.0744945 -0.0744945
4.55 195.517 0.0753071 -0.0753071
4.6 199.635 0.0761049 -0.0761049
4.65 203.79 0.0768875 -0.0768875
4.7 207.982 0.0776546 -0.0776546
4.75 212.21 0.0784057 -0.0784057
4.8 216.475 0.0791406 -0.0791406
4.85 220.775 0.0798588 -0.0798588
4.9 225.11 0.08056 -0.08056
4.95 229.481 0.081244 -0.081244
5 233.887 0.0819103 -0.0819103
5.05 238.328 0.0825588 -0.0825588
5.1 242.804 0.083189 -0.083189
5.15 247.313 0.0838007 -0.0838007
5.2 251.857 0.0843937 -0.0843937
5.25 256.434 0.0849677 -0.0849677
5.3 261.045 0.0855224 -0.0855224
5.35 265.688 0.0860576 -0.0860576
5.4 270.365 0.0865732 -0.0865732
5.45 275.074 0.0870688 -0.0870688
5.5 279.816 0.0875444 -0.0875444
5.55 284.589 0.0879997 -0.0879997
5.6 289.394 0.0884346 -0.0884346
5.65 294.23 0.088849 -0.088849
5.7 299.098 0.0892426 -0.0892426
5.75 303.996 0.0896154 -0.0896154
5.8 308.925 0.0899673 -0.0899673
5.85 313.884 0.0902981 -0.0902981
5.9 318.873 0.0906079 -0.0906079
5.95 323.891 0.0908964 -0.0908964
6 328.938 0.0911638 -0.0911638
6.05 334.015 0.0914098 -0.0914098
6.1 339.12 0.0916346 -0.0916346
6.15 344.254 0.091838 -0.091838
6.2 349.415 0.0920202 -0.0920202
6.25 354.605 0.092181 -0.092181
6.3 359.821 0.0923205 -0.0923205
6.35 365.065 0.0924388 -0.0924388
6.4 370.335 0.0925359 -0.0925359
6.45 375.632 0.0926119 -0.0926119
6.5 380.955 0.0926668 -0.0926668
6.55 386.304 0.0927008 -0.0927008
6.6 391.678 0.0927139 -0.0927139
6.65 397.077 0.0927062 -0.0927062
6.7 402.501 0.0926778 -0.0926778
6.75 407.949 0.092629 -0.092629
6.8 413.422 0.0925598 -0.0925598
6.85 418.918 0.0924704 -0.0924704
6.9 424.438 0.0923609 -0.0923609
6.95 429.98 0.0922315 -0.0922315
7 435.546 0.0920825 -0.0920825
7.05 441.134 0.091914 -0.091914
7.1 446.744 0.0917263 -0.0917263
7.15 452.375 0.0915194 -0.0915194
7.2 458.029 0.0912937 -0.0912937
7.25 463.703 0.0910494 -0.0910494
7.3 469.397 0.0907868 -0.0907868
7.35 475.113 0.090506 -0.090506
7.4 480.848 0.0902074 -0.0902074
7.45 486.602 0.0898912 -0.0898912
7.5 492.376 0.0895578 -0.0895578
7.55 498.169 0.0892072 -0.0892072
7.6 503.981 0.08884 -0.08884
7.65 509.811 0.0884563 -0.0884563
7.7 515.658 0.0880565 -0.0880565
7.75 521.523 0.0876408 -0.0876408
7.8 527.405 0.0872096 -0.0872096
7.85 533.304 0.0867632 -0.0867632
7.9 539.22 0.086302 -0.086302
7.95 545.151 0.0858262 -0.0858262
8 551.098 0.0853362 -0.0853362
8.05 557.06 0.0848324 -0.0848324
8.1 563.038 0.084315 -0.084315
8.15 569.03 0.0837844 -0.0837844
8.2 575.036 0.0832411 -0.0832411
8.25 581.056 0.0826852 -0.0826852
8.3 587.089 0.0821172 -0.0821172
8.35 593.136 0.0815375 -0.0815375
8.4 599.195 0.0809463 -0.0809463
8.45 605.267 0.0803441 -0.0803441
8.5 611.35 0.0797313 -0.0797313
8.55 617.446 0.0791081 -0.0791081
8.6 623.552 0.078475 -0.078475
8.65 629.67 0.0778323 -0.0778323
8.7 635.798 0.0771804 -0.0771804
8.75 641.936 0.0765197 -0.0765197
8.8 648.083 0.0758504 -0.0758504
8.85 654.24 0.0751731 -0.0751731
8.9 660.407 0.074488 -0.074488
8.95 666.581 0.0737956 -0.0737956
9 672.764 0.0730961 -0.0730961
9.05 678.955 0.07239 -0.07239
9.1 685.153 0.0716776 -0.0716776
9.15 691.359 0.0709593 -0.0709593
9.2 697.571 0.0702354 -0.0702354
9.25 703.789 0.0695063 -0.0695063
9.3 710.013 0.0687723 -0.0687723
9.35 716.243 0.0680338 -0.0680338
9.4 722.478 0.0672911 -0.0672911
9.45 728.718 0.0665447 -0.0665447
9.5 734.962 0.0657947 -0.0657947
9.55 741.211 0.0650416 -0.0650416
9.6 747.463 0.0642857 -0.0642857
9.65 753.718 0.0635273 -0.0635273
9.7 759.976 0.0627667 -0.0627667
9.75 766.237 0.0620044 -0.0620044
9.8 772.499 0.0612405 -0.0612405
9.85 778.764 0.0604754 -0.0604754
9.9 785.029 0.0597094 -0.0597094
9.95 791.296 0.0589428 -0.0589428
10 797.564 0.0581759 -0.0581759
10.05 803.831 0.057409 -0.057409
10.1 810.098 0.0566424 -0.0566424
10.15 816.365 0.0558764 -0.0558764
10.2 822.631 0.0551112 -0.0551112
10.25 828.895 0.0543472 -0.0543472
10.3 835.158 0.0535845 -0.0535845
10.35 841.418 0.0528235 -0.0528235
10.4 847.677 0.0520644 -0.0520644
10.45 853.932 0.0513075 -0.0513075
10.5 860.184 0.0505529 -0.0505529
10.55 866.432 0.049801 -0.049801
10.6 872.676 0.0490519 -0.0490519
10.65 878.916 0.048306 -0.048306
10.7 885.151 0.0475634 -0.0475634
10.75 891.381 0.0468242 -0.0468242
10.8 897.605 0.0460889 -0.0460889
10.85 903.823 0.0453574 -0.0453574
10.9 910.035 0.0446302 -0.0446302
10.95 916.24 0.0439072 -0.0439072
11 922.438 0.0431887 -0.0431887
11.05 928.629 0.042475 -0.042475
11.1 934.812 0.041766 -0.041766
11.15 940.986 0.0410621 -0.0410621
11.2 947.152 0.0403634 -0.0403634
11.25 953.309 0.0396701 -0.0396701
11.3 959.457 0.0389822 -0.0389822
11.35 965.595 0.0382999 -0.0382999
11.4 971.723 0.0376234 -0.0376234
11.45 977.84 0.0369528 -0.0369528
11.5 983.946 0.0362882 -0.0362882
11.55 990.041 0.0356298 -0.0356298
11.6 996.125 0.0349775 -0.0349775
11.65 1002.2 0.0343317 -0.0343317
11.7 1008.26 0.0336922 -0.0336922
11.75 1014.3 0.0330594 -0.0330594
11.8 1020.33 0.0324331 -0.0324331
11.85 1026.35 0.0318136 -0.0318136
11.9 1032.36 0.0312009 -0.0312009
11.95 1038.35 0.030595 -0.030595
12 1044.33 0.0299961 -0.0299961
12.05 1050.29 0.0294041 -0.0294041
12.1 1056.24 0.0288193 -0.0288193
12.15 1062.17 0.0282415 -0.0282415
12.2 1068.08 0.0276709 -0.0276709
12.25 1073.98 0.0271075 -0.0271075
12.3 1079.87 0.0265513 -0.0265513
12.35 1085.73 0.0260024 -0.0260024
12.4 1091.58 0.0254608 -0.0254608
12.45 1097.41 0.0249265 -0.0249265
12.5 1103.22 0.0243996 -0.0243996
12.55 1109.01 0.02388 -0.02388
12.6 1114.78 0.0233678 -0.0233678
12.65 1120.54 0.022863 -0.022863
12.7 1126.27 0.0223655 -0.0223655
12.75 1131.99 0.0218755 -0.0218755
12.8 1137.68 0.0213928 -0.0213928
12.85 1143.36 0.0209174 -0.0209174
12.9 1149.01 0.0204495 -0.0204495
12.95 1154.64 0.0199888 -0.0199888
13 1160.25 0.0195355 -0.0195355
13.05 1165.84 0.0190895 -0.0190895
13.1 1171.4 0.0186507 -0.0186507
13.15 1176.94 0.0182192 -0.0182192
13.2 1182.46 0.0177949 -0.0177949
13.25 1187.96 0.0173778 -0.0173778
13.3 1193.43 0.0169678 -0.0169678
13.35 1198.88 0.016565 -0.016565
13.4 1204.3 0.0161691 -0.0161691
13.45 1209.7 0.0157803 -0.0157803
13.5 1215.08 0.0153985 -0.0153985
13.55 1220.42 0.0150236 -0.0150236
13.6 1225.75 0.0146555 -0.0146555
13.65 1231.04 0.0142943 -0.0142943
13.7 1236.31 0.0139398 -0.0139398
13.75 1241.56 0.0135921 -0.0135921
13.8 1246.77 0.0132509 -0.0132509
13.85 1251.96 0.0129163 -0.0129163
13.9 1257.12 0.0125883 -0.0125883
13.95 1262.25 0.0122667 -0.0122667
14 1267.36 0.0119515 -0.0119515
14.05 1272.43 0.0116426 -0.0116426
14.1 1277.48 0.0113399 -0.0113399
14.15 1282.5 0.0110435 -0.0110435
14.2 1287.49 0.0107531 -0.0107531
14.25 1292.45 0.0104688 -0.0104688
14.3 1297.37 0.0101904 -0.0101904
14.35 1302.27 0.00991795 -0.00991795
14.4 1307.14 0.00965129 -0.00965129
14.45 1311.97 0.00939037 -0.00939037
14.5 1316.78 0.00913512 -0.00913512
14.55 1321.55 0.00888544 -0.00888544
14.6 1326.29 0.00864128 -0.00864128
14.65 1331 0.00840255 -0.00840255
14.7 1335.68 0.00816917 -0.00816917
14.75 1340.32 0.00794106 -0.00794106
14.8 1344.93 0.00771815 -0.00771815
14.85 1349.51 0.00750036 -0.00750036
14.9 1354.05 0.00728761 -0.00728761
14.95 1358.56 0.00707981 -0.00707981
15 1363.03 0.00687689 -0.00687689
15.05 1367.47 0.00667877 -0.00667877
15.1 1371.88 0.00648537 -0.00648537
15.15 1376.25 0.00629661 -0.00629661
15.2 1380.58 0.00611242 -0.00611242
15.25 1384.88 0.0059327 -0.0059327
15.3 1389.15 0.0057574 -0.0057574
15.35 1393.37 0.00558641 -0.00558641
15.4 1397.56 0.00541968 -0.00541968
15.45 1401.72 0.00525712 -0.00525712
15.5 1405.84 0.00509865 -0.00509865
15.55 1409.92 0.0049442 -0.0049442
15.6 1413.96 0.00479369 -0.00479369
15.65 1417.96 0.00464704 -0.00464704
15.7 1421.93 0.00450419 -0.00450419
15.75 1425.86 0.00436505 -0.00436505
15.8 1429.75 0.00422955 -0.00422955
15.85 1433.6 0.00409762 -0.00409762
15.9 1437.42 0.00396918 -0.00396918
15.95 1441.19 0.00384416 -0.00384416
16 1444.93 0.0037225 -0.0037225
16.05 1448.62 0.00360412 -0.00360412
16.1 1452.28 0.00348894 -0.00348894
16.15 1455.89 0.00337691 -0.00337691
16.2 1459.47 0.00326795 -0.00326795
16.25 1463 0.003162 -0.003162
16.3 1466.5 0.00305898 -0.00305898
16.35 1469.95 0.00295884 -0.00295884
16.4 1473.36 0.0028615 -0.0028615
16.45 1476.73 0.00276691 -0.00276691
16.5 1480.06 0.002675 -0.002675
16.55 1483.35 0.0025857 -0.0025857
16.6 1486.6 0.00249895 -0.00249895
16.65 1489.8 0.0024147 -0.0024147
16.7 1492.96 0.00233289 -0.00233289
16.75 1496.08 0.00225344 -0.00225344
16.8 1499.16 0.00217632 -0.00217632
16.85 1502.19 0.00210145 -0.00210145
16.9 1505.18 0.00202879 -0.00202879
16.95 1508.13 0.00195827 -0.00195827
17 1511.03 0.00188984 -0.00188984
17.05 1513.89 0.00182345 -0.00182345
17.1 1516.71 0.00175904 -0.00175904
17.15 1519.48 0.00169657 -0.00169657
17.2 1522.21 0.00163598 -0.00163598
17.25 1524.89 0.00157722 -0.00157722
17.3 1527.53 0.00152025 -0.00152025
17.35 1530.12 0.001465 -0.001465
17.4 1532.67 0.00141144 -0.00141144
17.45 1535.18 0.00135952 -0.00135952
17.5 1537.64 0.00130919 -0.00130919
17.55 1540.05 0.00126041 -0.00126041
17.6 1542.42 0.00121314 -0.00121314
17.65 1544.75 0.00116732 -0.00116732
17.7 1547.02 0.00112292 -0.00112292
17.75 1549.26 0.00107989 -0.00107989
17.8 1551.44 0.0010382 -0.0010382
17.85 1553.58 0.0009978 -0.0009978
17.9 1555.68 0.000958654 -0.000958654
17.95 1557.72 0.000920724 -0.000920724
18 1559.72 0.00088397 -0.00088397
18.05 1561.68 0.000848355 -0.000848355
18.1 1563.59 0.000813843 -0.000813843
18.15 1565.45 0.000780397 -0.000780397
18.2 1567.26 0.000747983 -0.000747983
18.25 1569.03 0.000716566 -0.000716566
18.3 1570.75 0.000686112 -0.000686112
18.35 1572.42 0.000656587 -0.000656587
18.4 1574.04 0.000627959 -0.000627959
18.45 1575.62 0.000600195 -0.000600195
18.5 1577.15 0.000573265 -0.000573265
18.55 1578.63 0.000547136 -0.000547136
18.6 1580.06 0.000521779 -0.000521779
18.65 1581.45 0.000497165 -0.000497165
18.7 1582.79 0.000473262 -0.000473262
18.75 1584.08 0.000450043 -0.000450043
18.8 1585.32 0.000427479 -0.000427479
18.85 1586.51 0.000405542 -0.000405542
18.9 1587.66 0.000384205 -0.000384205
18.95 1588.76 0.00036344 -0.00036344
19 1589.81 0.000343221 -0.000343221
19.05 1590.81 0.000323521 -0.000323521
19.1 1591.76 0.000304314 -0.000304314
19.15 1592.66 0.000285575 -0.000285575
19.2 1593.51 0.000267277 -0.000267277
19.25 1594.32 0.000249397 -0.000249397
19.3 1595.07 0.000231908 -0.000231908
19.35 1595.78 0.000214786 -0.000214786
19.4 1596.44 0.000198006 -0.000198006
19.45 1597.05 0.000181545 -0.000181545
19.5 1597.61 0.000165377 -0.000165377
19.55 1598.12 0.000149479 -0.000149479
19.6 1598.58 0.000133826 -0.000133826
19.65 1598.99 0.000118395 -0.000118395
19.7 1599.35 0.00010316 -0.00010316
19.75 1599.66 8.80989e-05 -8.80989e-05
19.8 1599.92 7.31865e-05 -7.31865e-05
19.85 1600.12 5.83985e-05 -5.83985e-05
19.9 1600.27 4.37107e-05 -4.37107e-05
19.95 1600.33 2.90983e-05 -2.90983e-05
20 1600.6 1.45364e-05 -1.45364e-05
