0.05 2.22992 0.00588464 -0.00588464
0.1 4.13356 0.0120307 -0.0120307
0.15 6.07171 0.0184106 -0.0184106
0.2 8.02673 0.0249949 -0.0249949
0.25 9.99135 0.0317529 -0.0317529
0.3 11.9619 0.0386527 -0.0386527
0.35 13.9365 0.0456613 -0.0456613
0.4 15.9137 0.0527449 -0.0527449
0.45 17.8929 0.0598695 -0.0598695
0.5 19.8734 0.0670005 -0.0670005
0.55 21.8548 0.0741034 -0.0741034
0.6 23.8369 0.0811441 -0.0811441
0.65 25.8194 0.0880888 -0.0880888
0.7 27.8022 0.0949045 -0.0949045
0.75 29.7851 0.101559 -0.101559
0.8 31.768 0.108022 -0.108022
0.85 33.7509 0.114263 -0.114263
0.9 35.7337 0.120255 -0.120255
0.95 37.7162 0.125971 -0.125971
1 39.6985 0.131388 -0.131388
1.05 41.6805 0.136483 -0.136483
1.1 43.6622 0.141236 -0.141236
1.15 45.6436 0.145629 -0.145629
1.2 47.6246 0.149648 -0.149648
1.25 49.6051 0.153279 -0.153279
1.3 51.5853 0.156511 -0.156511
1.35 53.565 0.159337 -0.159337
1.4 55.5443 0.161752 -0.161752
1.45 57.523 0.163752 -0.163752
1.5 59.5013 0.165336 -0.165336
1.55 61.4792 0.166507 -0.166507
1.6 63.4565 0.167268 -0.167268
1.65 65.4332 0.167626 -0.167626
1.7 67.4095 0.167588 -0.167588
1.75 69.3853 0.167165 -0.167165
1.8 71.3605 0.166369 -0.166369
1.85 73.3351 0.165214 -0.165214
1.9 75.3092 0.163714 -0.163714
1.95 77.2828 0.161886 -0.161886
2 79.2558 0.159748 -0.159748
2.05 81.2282 0.157319 -0.157319
2.1 83.2001 0.154618 -0.154618
2.15 85.1714 0.151665 -0.151665
2.2 87.1424 0.148481 -0.148481
2.25 89.1137 0.145087 -0.145087
2.3 91.0873 0.141504 -0.141504
2.35 93.0684 0.137754 -0.137754
2.4 95.067 0.133859 -0.133859
2.45 97.098 0.129838 -0.129838
2.5 99.1775 0.125714 -0.125714
2.55 101.317 0.121505 -0.121505
2.6 103.524 0.117231 -0.117231
2.65 105.798 0.112913 -0.112913
2.7 108.138 0.108567 -0.108567
2.75 110.541 0.10421 -0.10421
2.8 113.006 0.0998606 -0.0998606
2.85 115.53 0.0955325 -0.0955325
2.9 118.111 0.0912406 -0.0912406
2.95 120.748 0.0869984 -0.0869984
3 123.438 0.082818 -0.082818
3.05 126.181 0.0787108 -0.0787108
3.1 128.975 0.074687 -0.074687
3.15 131.82 0.0707556 -0.0707556
3.2 134.715 0.0669247 -0.0669247
3.25 137.658 0.0632013 -0.0632013
3.3 140.65 0.0595915 -0.0595915
3.35 143.689 0.0561002 -0.0561002
3.4 146.775 0.0527314 -0.0527314
3.45 149.908 0.0494885 -0.0494885
3.5 153.086 0.0463737 -0.0463737
3.55 156.31 0.0433885 -0.0433885
3.6 159.579 0.0405338 -0.0405338
3.65 162.892 0.0378096 -0.0378096
3.7 166.249 0.0352153 -0.0352153
3.75 169.65 0.0327498 -0.0327498
3.8 173.095 0.0304114 -0.0304114
3.85 176.582 0.0281979 -0.0281979
3.9 180.112 0.0261068 -0.0261068
3.95 183.684 0.024135 -0.024135
4 187.298 0.0222793 -0.0222793
4.05 190.953 0.0205362 -0.0205362
4.1 194.65 0.0189017 -0.0189017
4.15 198.387 0.017372 -0.017372
4.2 202.165 0.0159429 -0.0159429
4.25 205.983 0.0146102 -0.0146102
4.3 209.842 0.0133696 -0.0133696
4.35 213.74 0.0122167 -0.0122167
4.4 217.677 0.0111472 -0.0111472
4.45 221.653 0.0101568 -0.0101568
4.5 225.668 0.00924117 -0.00924117
4.55 229.721 0.00839612 -0.00839612
4.6 233.812 0.00761751 -0.00761751
4.65 237.942 0.00690131 -0.00690131
4.7 242.108 0.00624362 -0.00624362
4.75 246.312 0.00564065 -0.00564065
4.8 250.553 0.00508874 -0.00508874
4.85 254.831 0.00458438 -0.00458438
4.9 259.144 0.00412424 -0.00412424
4.95 263.494 0.00370509 -0.00370509
5 267.88 0.0033239 -0.0033239
5.05 272.3 0.00297778 -0.00297778
5.1 276.756 0.00266399 -0.00266399
5.15 281.247 0.00237997 -0.00237997
5.2 285.773 0.00212328 -0.00212328
5.25 290.332 0.00189166 -0.00189166
5.3 294.926 0.00168299 -0.00168299
5.35 299.553 0.00149527 -0.00149527
5.4 304.213 0.00132667 -0.00132667
5.45 308.906 0.00117546 -0.00117546
5.5 313.632 0.00104006 -0.00104006
5.55 318.391 0.000918994 -0.000918994
5.6 323.181 0.000810914 -0.000810914
5.65 328.003 0.000714569 -0.000714569
5.7 332.857 0.000628813 -0.000628813
5.75 337.742 0.000552597 -0.000552597
5.8 342.658 0.000484959 -0.000484959
5.85 347.604 0.000425023 -0.000425023
5.9 352.58 0.00037199 -0.00037199
5.95 357.586 0.000325134 -0.000325134
6 362.622 0.000283796 -0.000283796
6.05 367.687 0.00024738 -0.00024738
6.1 372.781 0.000215346 -0.000215346
6.15 377.903 0.000187208 -0.000187208
6.2 383.054 0.000162528 -0.000162528
6.25 388.233 0.000140912 -0.000140912
6.3 393.439 0.000122007 -0.000122007
6.35 398.673 0.000105497 -0.000105497
6.4 403.933 9.10989e-05 -9.10989e-05
6.45 409.22 7.85607e-05 -7.85607e-05
6.5 414.534 6.76577e-05 -6.76577e-05
6.55 419.873 5.81902e-05 -5.81902e-05
6.6 425.238 4.99807e-05 -4.99807e-05
6.65 430.628 4.28723e-05 -4.28723e-05
6.7 436.043 3.6726e-05 -3.6726e-05
6.75 441.483 3.1419e-05 -3.1419e-05
6.8 446.947 2.68432e-05 -2.68432e-05
6.85 452.435 2.29034e-05 -2.29033e-05
6.9 457.947 1.95159e-05 -1.95159e-05
6.95 463.482 1.66074e-05 -1.66074e-05
7 469.04 1.41137e-05 -1.41137e-05
7.05 474.62 1.19786e-05 -1.19786e-05
7.1 480.222 1.01531e-05 -1.0153e-05
7.15 485.847 8.59436e-06 -8.59435e-06
7.2 491.493 7.26537e-06 -7.26535e-06
7.25 497.16 6.13379e-06 -6.13378e-06
7.3 502.847 5.17164e-06 -5.17162e-06
7.35 508.556 4.35467e-06 -4.35466e-06
7.4 514.284 3.66194e-06 -3.66193e-06
7.45 520.032 3.07537e-06 -3.07535e-06
7.5 525.799 2.57936e-06 -2.57935e-06
7.55 531.586 2.16051e-06 -2.1605e-06
7.6 537.391 1.80731e-06 -1.80729e-06
7.65 543.214 1.50986e-06 -1.50985e-06
7.7 549.056 1.25971e-06 -1.25971e-06
7.75 554.915 1.04964e-06 -1.04964e-06
7.8 560.791 8.73456e-07 -8.73451e-07
7.85 566.684 7.25896e-07 -7.2589e-07
7.9 572.593 6.02479e-07 -6.0247e-07
7.95 578.519 4.99387e-07 -4.99382e-07
8 584.46 4.13401e-07 -4.13393e-07
8.05 590.417 3.41774e-07 -3.41765e-07
8.1 596.389 2.82187e-07 -2.8218e-07
8.15 602.375 2.32684e-07 -2.3268e-07
8.2 608.376 1.91613e-07 -1.91613e-07
8.25 614.391 1.57585e-07 -1.5759e-07
8.3 620.419 1.29434e-07 -1.29439e-07
8.35 626.46 1.06175e-07 -1.06179e-07
8.4 632.514 8.69809e-08 -8.69855e-08
8.45 638.581 7.11661e-08 -7.11692e-08
8.5 644.66 5.81458e-08 -5.81532e-08
8.55 650.75 4.74471e-08 -4.74561e-08
8.6 656.851 3.86656e-08 -3.86765e-08
8.65 662.964 3.14713e-08 -3.14804e-08
8.7 669.087 2.55802e-08 -2.559e-08
8.75 675.22 2.07678e-08 -2.07749e-08
8.8 681.363 1.6838e-08 -1.6844e-08
8.85 687.515 1.36355e-08 -1.36392e-08
8.9 693.676 1.10238e-08 -1.10299e-08
8.95 699.846 8.89903e-09 -8.90831e-09
9 706.025 7.17808e-09 -7.1855e-09
9.05 712.211 5.78534e-09 -5.7884e-09
9.1 718.405 4.65717e-09 -4.65693e-09
9.15 724.605 3.74272e-09 -3.7418e-09
9.2 730.813 3.0097e-09 -3.00263e-09
9.25 737.027 2.41269e-09 -2.40638e-09
9.3 743.246 1.93272e-09 -1.92605e-09
9.35 749.472 1.54862e-09 -1.53961e-09
9.4 755.702 1.24471e-09 -1.22912e-09
9.45 761.938 9.96048e-10 -9.79991e-10
9.5 768.178 7.92329e-10 -7.80352e-10
9.55 774.422 6.2878e-10 -6.20584e-10
9.6 780.669 4.9955e-10 -4.92893e-10
9.65 786.92 4.04811e-10 -3.90973e-10
9.7 793.174 3.25224e-10 -3.09731e-10
9.75 799.43 2.63883e-10 -2.45056e-10
9.8 805.688 2.11174e-10 -1.93637e-10
9.85 811.948 1.65871e-10 -1.52811e-10
9.9 818.21 1.29186e-10 -1.20438e-10
9.95 824.472 1.00641e-10 -9.4802e-11
10 830.735 7.9792e-11 -7.45272e-11
10.05 836.998 6.41694e-11 -5.85136e-11
10.1 843.261 5.05096e-11 -4.5882e-11
10.15 849.524 3.96668e-11 -3.59313e-11
10.2 855.785 3.63765e-11 -2.81027e-11
10.25 862.045 3.05688e-11 -2.19517e-11
10.3 868.304 2.60556e-11 -1.71251e-11
10.35 874.56 2.11895e-11 -1.33427e-11
10.4 880.814 1.97502e-11 -1.03824e-11
10.45 887.064 1.72668e-11 -8.06863e-12
10.5 893.312 1.89324e-11 -6.26249e-12
10.55 899.556 1.70316e-11 -4.85445e-12
10.6 905.796 1.69601e-11 -3.7582e-12
10.65 912.031 1.93254e-11 -2.9058e-12
10.7 918.262 1.5983e-11 -2.24387e-12
10.75 924.487 1.61162e-11 -1.73052e-12
10.8 930.707 1.05169e-11 -1.33292e-12
10.85 936.921 9.33531e-12 -1.02536e-12
10.9 943.128 6.48225e-12 -7.87764e-13
10.95 949.329 2.63928e-12 -6.04455e-13
11 955.522 8.10885e-13 -4.63212e-13
11.05 961.708 3.78139e-12 -3.54522e-13
11.1 967.887 5.80483e-12 -2.70991e-13
11.15 974.057 2.2967e-12 -2.06878e-13
11.2 980.218 2.00704e-13 -1.57733e-13
11.25 986.37 -1.09383e-12 -1.2011e-13
11.3 992.513 -1.50981e-12 -9.13445e-14
11.35 998.646 -2.68573e-12 -6.93802e-14
11.4 1004.77 -1.97735e-12 -5.26306e-14
11.45 1010.88 -2.6965e-12 -3.9874e-14
11.5 1016.98 -2.07811e-12 -3.01711e-14
11.55 1023.07 -3.02907e-12 -2.28003e-14
11.6 1029.15 -4.80853e-12 -1.72084e-14
11.65 1035.22 -4.40079e-12 -1.29715e-14
11.7 1041.27 -4.86661e-12 -9.76539e-15
11.75 1047.31 -6.67839e-12 -7.34241e-15
11.8 1053.34 -5.11668e-12 -5.51364e-15
11.85 1059.36 -1.89481e-12 -4.13512e-15
11.9 1065.36 -2.33905e-13 -3.09734e-15
11.95 1071.34 1.10401e-12 -2.31707e-15
12 1077.32 -9.16382e-13 -1.73118e-15
12.05 1083.27 9.65044e-13 -1.2918e-15
12.1 1089.21 4.58171e-12 -9.62715e-16
12.15 1095.14 7.68539e-12 -7.1656e-16
12.2 1101.05 9.29949e-12 -5.32671e-16
12.25 1106.94 7.70773e-12 -3.95473e-16
12.3 1112.82 6.31751e-12 -2.93242e-16
12.35 1118.68 4.82325e-12 -2.17164e-16
12.4 1124.52 5.92492e-12 -1.6062e-16
12.45 1130.34 5.45774e-12 -1.18649e-16
12.5 1136.15 7.3779e-12 -8.75352e-17
12.55 1141.93 1.04985e-11 -6.44989e-17
12.6 1147.7 7.11709e-12 -4.74651e-17
12.65 1153.45 4.29019e-12 -3.48858e-17
12.7 1159.18 2.3469e-12 -2.5608e-17
12.75 1164.89 2.91915e-12 -1.8774e-17
12.8 1170.57 3.7277e-12 -1.37464e-17
12.85 1176.24 2.84497e-12 -1.00526e-17
12.9 1181.89 1.7869e-12 -7.34203e-18
12.95 1187.51 -1.33345e-13 -5.35561e-18
13 1193.11 -1.55822e-12 -3.90171e-18
13.05 1198.69 -6.11353e-12 -2.83894e-18
13.1 1204.25 -6.11739e-12 -2.06305e-18
13.15 1209.79 -2.90008e-12 -1.49733e-18
13.2 1215.3 -4.04511e-12 -1.08537e-18
13.25 1220.79 -2.83001e-12 -7.8577e-19
13.3 1226.25 -1.43699e-12 -5.68153e-19
13.35 1231.69 -3.60078e-12 -4.10289e-19
13.4 1237.11 -3.89833e-12 -2.95917e-19
13.45 1242.5 -3.92214e-12 -2.13159e-19
13.5 1247.86 4.01957e-13 -1.53353e-19
13.55 1253.2 3.87993e-12 -1.10188e-19
13.6 1258.51 -1.28463e-12 -7.90742e-20
13.65 1263.8 -9.30163e-12 -5.66746e-20
13.7 1269.06 -1.34137e-11 -4.05693e-20
13.75 1274.3 -9.90601e-12 -2.90043e-20
13.8 1279.5 -6.74284e-12 -2.07101e-20
13.85 1284.68 -3.80529e-12 -1.47692e-20
13.9 1289.83 -3.34841e-12 -1.05194e-20
13.95 1294.96 -6.2326e-12 -7.48301e-21
14 1300.05 -7.22371e-12 -5.31642e-21
14.05 1305.12 -6.92044e-12 -3.7724e-21
14.1 1310.15 -3.83176e-12 -2.67346e-21
14.15 1315.16 -1.80181e-12 -1.89228e-21
14.2 1320.14 -1.08845e-12 -1.33769e-21
14.25 1325.08 -1.03275e-12 -9.4445e-22
14.3 1330 6.15582e-13 -6.6598e-22
14.35 1334.89 7.7451e-13 -4.69025e-22
14.4 1339.74 -1.0205e-12 -3.29907e-22
14.45 1344.56 -2.68495e-12 -2.31764e-22
14.5 1349.36 -5.03194e-12 -1.62611e-22
14.55 1354.11 -3.89532e-12 -1.13951e-22
14.6 1358.84 -2.20103e-12 -7.9751e-23
14.65 1363.54 -1.26058e-12 -5.57479e-23
14.7 1368.2 3.25237e-14 -3.89135e-23
14.75 1372.83 -1.48232e-12 -2.71279e-23
14.8 1377.42 -3.15297e-12 -1.88808e-23
14.85 1381.98 1.03247e-14 -1.313e-23
14.9 1386.51 1.19528e-12 -9.12306e-24
14.95 1391 1.63639e-12 -6.321e-24
15 1395.46 1.03724e-12 -4.38797e-24
15.05 1399.88 -4.12051e-12 -3.03863e-24
15.1 1404.27 -6.41474e-12 -2.10279e-24
15.15 1408.62 -4.58889e-12 -1.45283e-24
15.2 1412.94 2.40867e-12 -1.00689e-24
15.25 1417.22 5.3152e-12 -6.95953e-25
15.3 1421.46 2.8288e-12 -4.79899e-25
15.35 1425.67 1.54161e-12 -3.32219e-25
15.4 1429.84 -4.41794e-13 -2.29258e-25
15.45 1433.97 2.03744e-12 -1.53484e-25
15.5 1438.07 2.84203e-12 -1.06809e-25
15.55 1442.12 -5.88277e-13 -7.48713e-26
15.6 1446.14 -2.64717e-12 -5.26062e-26
15.65 1450.12 -2.8013e-12 -3.67503e-26
15.7 1454.07 -1.5031e-12 -2.80149e-26
15.75 1457.97 2.56279e-13 -2.06738e-26
15.8 1461.83 2.73118e-12 -1.04448e-26
15.85 1465.66 -3.99213e-13 -1.03667e-26
15.9 1469.44 -1.76377e-12 -7.19522e-27
15.95 1473.19 2.49003e-12 -8.68064e-27
16 1476.89 2.65793e-12 -8.10668e-27
16.05 1480.55 3.84257e-12 -7.98501e-27
16.1 1484.18 3.87145e-13 -1.38388e-26
16.15 1487.76 -7.38047e-12 -1.02687e-26
16.2 1491.3 -6.48957e-12 -1.42562e-26
16.25 1494.8 -4.911e-12 -9.96163e-27
16.3 1498.25 -5.51942e-12 -1.02986e-26
16.35 1501.67 -3.45497e-12 -7.77926e-27
16.4 1505.04 -5.99792e-13 -6.96989e-27
16.45 1508.37 -6.36784e-13 -5.77995e-27
16.5 1511.65 -1.09062e-12 -4.57554e-27
16.55 1514.89 -2.36558e-13 -3.61822e-27
16.6 1518.09 -3.53414e-12 1.48064e-27
16.65 1521.24 -4.15036e-12 1.64565e-27
16.7 1524.35 6.52786e-14 2.72776e-27
16.75 1527.42 2.46822e-12 3.09324e-27
16.8 1530.44 4.3101e-12 1.38336e-27
16.85 1533.41 5.91564e-12 -1.61429e-27
16.9 1536.34 5.73887e-12 -4.71068e-27
16.95 1539.22 5.5961e-12 -4.50515e-27
17 1542.05 3.36225e-12 -8.55211e-27
17.05 1544.84 1.37615e-12 -3.77161e-27
17.1 1547.58 3.22e-12 -5.55531e-27
17.15 1550.28 3.59399e-12 -4.46303e-27
17.2 1552.92 2.79404e-12 -5.63417e-27
17.25 1555.52 -7.57618e-13 -4.47422e-27
17.3 1558.07 -2.18805e-12 -4.19414e-27
17.35 1560.57 6.57372e-13 -2.54582e-27
17.4 1563.02 3.24276e-12 -7.18913e-27
17.45 1565.41 8.2054e-12 -3.44853e-27
17.5 1567.76 9.97341e-12 -1.61157e-27
17.55 1570.05 8.68462e-12 -3.96978e-27
17.6 1572.3 4.44256e-12 1.25399e-28
17.65 1574.48 2.31692e-12 -9.37321e-28
17.7 1576.62 3.6301e-12 3.76725e-27
17.75 1578.7 4.38527e-12 3.34727e-27
17.8 1580.72 6.93917e-12 5.93154e-27
17.85 1582.68 3.39931e-12 7.47499e-27
17.9 1584.59 4.80499e-12 4.42173e-27
17.95 1586.44 6.80091e-12 4.37472e-27
18 1588.22 6.66447e-13 9.69523e-28
18.05 1589.94 -1.42623e-12 2.45096e-27
18.1 1591.59 -2.01596e-12 4.09787e-28
18.15 1593.17 1.87534e-12 -1.23878e-27
18.2 1594.67 3.97256e-12 3.76867e-28
18.25 1596.09 8.71242e-13 -1.52414e-27
18.3 1597.42 2.10624e-13 -1.05536e-27
18.35 1598.65 -2.27002e-12 4.63644e-28
18.4 1599.74 -3.58091e-12 7.75472e-28
18.45 1600.64 -3.18843e-12 -2.39148e-27
18.5 1601.56 -4.68378e-13 -3.72554e-28
18.55 1602.66 2.40871e-12 1.92694e-27
18.6 1603.92 5.58121e-12 4.9397e-28
18.65 1605.3 7.72998e-12 2.49363e-27
18.7 1606.77 4.14583e-12 1.88439e-27
18.75 1608.34 2.56041e-12 -2.66646e-27
18.8 1610 4.22841e-13 -3.63903e-27
18.85 1611.75 -3.15955e-12 -3.63764e-27
18.9 1613.57 -7.66133e-14 -3.402e-27
18.95 1615.49 4.04981e-12 -1.48694e-27
19 1617.49 2.07512e-12 -1.82241e-29
19.05 1619.58 -1.21563e-13 1.54804e-27
19.1 1621.76 -2.16035e-12 4.73877e-27
19.15 1624.03 -3.09578e-12 3.15947e-27
19.2 1626.4 4.56364e-12 4.05921e-27
19.25 1628.86 8.57215e-12 2.74953e-27
19.3 1631.44 4.75526e-12 3.89635e-27
19.35 1634.13 1.90746e-12 2.41247e-27
19.4 1636.93 -1.46865e-12 1.13699e-27
19.45 1639.87 -1.31185e-12 3.35768e-27
19.5 1642.95 -1.44778e-12 1.99725e-27
19.55 1646.19 -4.40369e-12 5.07837e-27
19.6 1649.6 -6.41903e-12 3.28337e-27
19.65 1653.21 -5.01309e-12 2.46162e-27
19.7 1657.04 -1.16648e-12 -1.35712e-27
19.75 1661.15 -2.78011e-12 -1.75564e-27
19.8 1665.58 -1.94413e-12 -2.56973e-27
19.85 1670.42 1.28421e-13 -2.55992e-27
19.9 1675.82 -2.03401e-12 8.69487e-28
19.95 1682.05 -2.59915e-12 -3.84161e-28
20 1689.85 -3.08863e-12 1.12333e-27
