0.05 4.05706 0.011625 -0.011625
0.1 7.90592 0.0237134 -0.0237134
0.15 11.81 0.0361547 -0.0361547
0.2 15.7388 0.0488339 -0.0488339
0.25 19.6806 0.0616331 -0.0616331
0.3 23.6298 0.0744331 -0.0744331
0.35 27.5832 0.0871152 -0.0871152
0.4 31.5389 0.0995627 -0.0995627
0.45 35.4958 0.111662 -0.111662
0.5 39.453 0.123307 -0.123307
0.55 43.41 0.134394 -0.134394
0.6 47.3663 0.14483 -0.14483
0.65 51.3216 0.154531 -0.154531
0.7 55.2756 0.163423 -0.163423
0.75 59.2282 0.17144 -0.17144
0.8 63.1792 0.178532 -0.178532
0.85 67.1285 0.184656 -0.184656
0.9 71.0759 0.189784 -0.189784
0.95 75.0215 0.193899 -0.193899
1 78.965 0.196994 -0.196994
1.05 82.9065 0.199077 -0.199077
1.1 86.8458 0.200163 -0.200163
1.15 90.7831 0.20028 -0.20028
1.2 94.7181 0.199462 -0.199462
1.25 98.6509 0.197755 -0.197755
1.3 102.581 0.195211 -0.195211
1.35 106.51 0.191886 -0.191886
1.4 110.436 0.187845 -0.187845
1.45 114.359 0.183155 -0.183155
1.5 118.28 0.177885 -0.177885
1.55 122.199 0.172108 -0.172108
1.6 126.116 0.165897 -0.165897
1.65 130.03 0.159324 -0.159324
1.7 133.941 0.152461 -0.152461
1.75 137.851 0.145378 -0.145378
1.8 141.757 0.138141 -0.138141
1.85 145.662 0.130813 -0.130813
1.9 149.564 0.123455 -0.123455
1.95 153.463 0.116121 -0.116121
2 157.36 0.108862 -0.108862
2.05 161.254 0.101723 -0.101723
2.1 165.146 0.094746 -0.094746
2.15 169.035 0.087965 -0.087965
2.2 172.922 0.0814107 -0.0814107
2.25 176.807 0.0751082 -0.0751082
2.3 180.688 0.069078 -0.069078
2.35 184.568 0.0633358 -0.0633358
2.4 188.444 0.0578929 -0.0578929
2.45 192.318 0.0527569 -0.0527569
2.5 196.19 0.0479313 -0.0479313
2.55 200.059 0.0434164 -0.0434164
2.6 203.926 0.0392095 -0.0392095
2.65 207.789 0.0353053 -0.0353053
2.7 211.651 0.0316961 -0.0316961
2.75 215.509 0.0283724 -0.0283724
2.8 219.366 0.0253232 -0.0253232
2.85 223.219 0.0225361 -0.0225361
2.9 227.07 0.0199977 -0.0199977
2.95 230.918 0.0176943 -0.0176943
3 234.764 0.0156113 -0.0156113
3.05 238.607 0.0137343 -0.0137343
3.1 242.448 0.0120486 -0.0120486
3.15 246.285 0.0105399 -0.0105399
3.2 250.121 0.00919412 -0.00919412
3.25 253.953 0.00799763 -0.00799763
3.3 257.783 0.00693738 -0.00693738
3.35 261.61 0.00600088 -0.00600088
3.4 265.435 0.00517636 -0.00517636
3.45 269.257 0.00445274 -0.00445274
3.5 273.077 0.00381968 -0.00381968
3.55 276.893 0.00326759 -0.00326759
3.6 280.707 0.0027876 -0.0027876
3.65 284.519 0.00237159 -0.00237159
3.7 288.327 0.00201215 -0.00201215
3.75 292.134 0.00170252 -0.00170252
3.8 295.937 0.00143661 -0.00143661
3.85 299.738 0.00120894 -0.00120894
3.9 303.536 0.00101459 -0.00101459
3.95 307.331 0.000849176 -0.000849176
4 311.124 0.000708812 -0.000708812
4.05 314.914 0.000590055 -0.000590055
4.1 318.701 0.000489873 -0.000489873
4.15 322.485 0.000405609 -0.000405609
4.2 326.267 0.000334938 -0.000334938
4.25 330.047 0.000275841 -0.000275841
4.3 333.823 0.000226564 -0.000226564
4.35 337.597 0.000185593 -0.000185593
4.4 341.368 0.000151627 -0.000151627
4.45 345.136 0.000123548 -0.000123548
4.5 348.902 0.000100401 -0.000100401
4.55 352.664 8.13747e-05 -8.13747e-05
4.6 356.424 6.57793e-05 -6.57793e-05
4.65 360.182 5.30322e-05 -5.30322e-05
4.7 363.937 4.26425e-05 -4.26425e-05
4.75 367.689 3.41979e-05 -3.41979e-05
4.8 371.439 2.73534e-05 -2.73534e-05
4.85 375.189 2.18212e-05 -2.18212e-05
4.9 378.941 1.73622e-05 -1.73622e-05
4.95 382.699 1.37782e-05 -1.37782e-05
5 386.473 1.09053e-05 -1.09053e-05
5.05 390.272 8.6089e-06 -8.6089e-06
5.1 394.11 6.77829e-06 -6.77829e-06
5.15 397.999 5.32301e-06 -5.32301e-06
5.2 401.945 4.16928e-06 -4.16927e-06
5.25 405.955 3.25712e-06 -3.25709e-06
5.3 410.029 2.53789e-06 -2.53787e-06
5.35 414.166 1.97233e-06 -1.97232e-06
5.4 418.364 1.52882e-06 -1.52882e-06
5.45 422.621 1.18196e-06 -1.18197e-06
5.5 426.935 9.11432e-07 -9.1144e-07
5.55 431.302 7.00997e-07 -7.01011e-07
5.6 435.721 5.3776e-07 -5.37769e-07
5.65 440.19 4.11471e-07 -4.11475e-07
5.7 444.706 3.14021e-07 -3.14027e-07
5.75 449.268 2.39032e-07 -2.39039e-07
5.8 453.875 1.81483e-07 -1.81489e-07
5.85 458.525 1.37439e-07 -1.37439e-07
5.9 463.218 1.03815e-07 -1.03813e-07
5.95 467.951 7.8218e-08 -7.82123e-08
6 472.724 5.8778e-08 -5.87733e-08
6.05 477.535 4.40508e-08 -4.40523e-08
6.1 482.385 3.29241e-08 -3.29338e-08
6.15 487.272 2.45398e-08 -2.45583e-08
6.2 492.195 1.82491e-08 -1.8266e-08
6.25 497.153 1.35385e-08 -1.35511e-08
6.3 502.146 1.00158e-08 -1.00275e-08
6.35 507.172 7.39407e-09 -7.40111e-09
6.4 512.232 5.44667e-09 -5.44869e-09
6.45 517.325 3.99948e-09 -4.00108e-09
6.5 522.45 2.9335e-09 -2.93057e-09
6.55 527.606 2.15365e-09 -2.14102e-09
6.6 532.792 1.58031e-09 -1.56019e-09
6.65 538.009 1.15712e-09 -1.13405e-09
6.7 543.255 8.47255e-10 -8.22198e-10
6.75 548.531 6.18128e-10 -5.94588e-10
6.8 553.835 4.43931e-10 -4.28895e-10
6.85 559.167 3.17238e-10 -3.0859e-10
6.9 564.526 2.2712e-10 -2.21466e-10
6.95 569.912 1.61985e-10 -1.58537e-10
7 575.325 1.09994e-10 -1.13202e-10
7.05 580.764 7.16833e-11 -8.06256e-11
7.1 586.228 5.14147e-11 -5.72785e-11
7.15 591.717 3.81222e-11 -4.05892e-11
7.2 597.23 2.12441e-11 -2.86899e-11
7.25 602.768 7.41063e-12 -2.02278e-11
7.3 608.329 -2.14639e-12 -1.42256e-11
7.35 613.913 -1.36481e-11 -9.97915e-12
7.4 619.52 -2.36851e-11 -6.98264e-12
7.45 625.149 -2.7499e-11 -4.8736e-12
7.5 630.8 -2.05997e-11 -3.393e-12
7.55 636.471 -1.57626e-11 -2.35625e-12
7.6 642.164 -1.26203e-11 -1.63217e-12
7.65 647.877 -6.4807e-12 -1.12775e-12
7.7 653.61 5.24945e-13 -7.77266e-13
7.75 659.363 -1.99786e-12 -5.34358e-13
7.8 665.135 -6.2125e-12 -3.6644e-13
7.85 670.925 -8.94246e-12 -2.50657e-13
7.9 676.733 -5.64876e-12 -1.71028e-13
7.95 682.559 -1.0807e-11 -1.16403e-13
8 688.403 -1.03926e-11 -7.90258e-14
8.05 694.264 -8.94704e-12 -5.35162e-14
8.1 700.141 -9.73433e-12 -3.61503e-14
8.15 706.034 -1.00661e-11 -2.43585e-14
8.2 711.942 -8.10799e-12 -1.63719e-14
8.25 717.866 -1.01255e-11 -1.09765e-14
8.3 723.805 -8.57115e-12 -7.34072e-15
8.35 729.758 -6.69785e-12 -4.89697e-15
8.4 735.725 -1.71278e-12 -3.2586e-15
8.45 741.706 -8.35771e-14 -2.16296e-15
8.5 747.699 1.80716e-12 -1.43213e-15
8.55 753.706 3.07305e-12 -9.45868e-16
8.6 759.725 -1.20227e-12 -6.23154e-16
8.65 765.755 1.56653e-13 -4.09522e-16
8.7 771.797 -1.61829e-12 -2.68457e-16
8.75 777.85 -3.12881e-12 -1.75546e-16
8.8 783.914 -4.22788e-12 -1.14505e-16
8.85 789.988 -3.01149e-12 -7.45033e-17
8.9 796.072 -6.14492e-12 -4.83558e-17
8.95 802.165 -9.04557e-12 -3.13067e-17
9 808.267 -1.22799e-11 -2.02185e-17
9.05 814.378 -9.76587e-12 -1.30253e-17
9.1 820.497 -6.17761e-12 -8.37048e-18
9.15 826.623 -5.15525e-12 -5.36559e-18
9.2 832.757 1.40977e-12 -3.43134e-18
9.25 838.898 5.33455e-12 -2.18872e-18
9.3 845.045 5.81944e-12 -1.39268e-18
9.35 851.199 -2.98746e-12 -8.84289e-19
9.4 857.358 -1.23619e-11 -5.59829e-19
9.45 863.522 -1.90051e-11 -3.53615e-19
9.5 869.692 -2.29548e-11 -2.22698e-19
9.55 875.865 -2.18104e-11 -1.39657e-19
9.6 882.043 -1.60801e-11 -8.73228e-20
9.65 888.224 -1.09583e-11 -5.45042e-20
9.7 894.409 -9.48599e-12 -3.37573e-20
9.75 900.596 -1.2026e-11 -2.10129e-20
9.8 906.786 -1.44693e-11 -1.28668e-20
9.85 912.978 -8.60852e-12 -7.6924e-21
9.9 919.171 -3.78344e-12 -4.80372e-21
9.95 925.366 -4.07325e-12 -2.85771e-21
10 931.561 -4.02695e-12 -2.45192e-21
10.05 937.757 -2.57364e-12 0
10.1 943.952 -3.38664e-12 0
10.15 950.147 -2.32242e-12 0
10.2 956.342 -3.67682e-12 0
10.25 962.535 -4.30388e-12 0
10.3 968.726 -2.83364e-12 0
10.35 974.915 -4.25609e-12 0
10.4 981.102 -4.75152e-12 0
10.45 987.286 -8.66842e-12 0
10.5 993.466 -6.7329e-12 0
10.55 999.643 -6.39754e-12 0
10.6 1005.82 -9.48164e-12 0
10.65 1011.98 -7.17353e-12 0
10.7 1018.15 -7.4527e-12 0
10.75 1024.3 -7.2383e-12 0
10.8 1030.46 -5.49478e-12 0
10.85 1036.6 -2.61161e-13 0
10.9 1042.74 2.46273e-12 0
10.95 1048.87 3.84186e-12 0
11 1055 6.77153e-12 0
11.05 1061.12 1.03633e-11 0
11.1 1067.23 1.25598e-11 0
11.15 1073.33 8.81297e-12 0
11.2 1079.42 8.40056e-12 0
11.25 1085.5 7.02365e-12 0
11.3 1091.57 3.68923e-13 0
11.35 1097.63 -4.16363e-12 0
11.4 1103.69 -7.75282e-12 0
11.45 1109.73 -4.92503e-12 0
11.5 1115.76 -5.13301e-12 0
11.55 1121.77 -6.44406e-12 0
11.6 1127.78 -1.19885e-12 0
11.65 1133.77 7.44587e-13 0
11.7 1139.75 -1.8423e-12 0
11.75 1145.72 -5.41613e-12 0
11.8 1151.67 -9.28847e-12 0
11.85 1157.61 -7.40396e-12 0
11.9 1163.53 -6.9684e-12 0
11.95 1169.44 -1.16802e-11 0
12 1175.33 -1.47658e-11 0
12.05 1181.21 -1.21644e-11 0
12.1 1187.07 -5.89811e-12 0
12.15 1192.91 -7.16147e-12 0
12.2 1198.74 -8.66332e-12 0
12.25 1204.55 -4.97173e-12 0
12.3 1210.34 -5.15237e-12 0
12.35 1216.12 -8.32698e-12 0
12.4 1221.87 -8.80708e-12 0
12.45 1227.61 -1.62262e-12 0
12.5 1233.33 3.72729e-12 0
12.55 1239.03 4.28593e-12 0
12.6 1244.7 6.15545e-12 0
12.65 1250.36 4.43312e-12 0
12.7 1255.99 3.21373e-12 0
12.75 1261.61 -1.27819e-12 0
12.8 1267.2 -8.77197e-12 0
12.85 1272.77 -8.31242e-12 0
12.9 1278.32 -7.98491e-12 0
12.95 1283.84 -6.36632e-12 0
13 1289.35 -4.4277e-12 0
13.05 1294.82 -3.27099e-12 0
13.1 1300.28 4.23293e-13 0
13.15 1305.71 2.09311e-13 0
13.2 1311.11 1.86623e-12 0
13.25 1316.49 2.44383e-12 0
13.3 1321.84 1.34219e-12 0
13.35 1327.17 3.5468e-12 0
13.4 1332.47 3.91853e-12 0
13.45 1337.74 4.27226e-12 0
13.5 1342.99 4.25329e-12 0
13.55 1348.2 3.9613e-12 0
13.6 1353.39 2.83469e-12 0
13.65 1358.55 -1.03839e-13 0
13.7 1363.69 9.2586e-13 0
13.75 1368.79 4.18414e-13 0
13.8 1373.86 -2.63819e-12 0
13.85 1378.9 -7.37008e-13 0
13.9 1383.92 -7.70345e-13 0
13.95 1388.9 -1.09379e-12 0
14 1393.85 1.55971e-12 0
14.05 1398.76 -1.82057e-12 0
14.1 1403.65 -6.72894e-12 0
14.15 1408.5 -8.64823e-12 0
14.2 1413.32 -9.7941e-12 0
14.25 1418.1 -1.07802e-11 0
14.3 1422.86 -1.21156e-11 0
14.35 1427.57 -7.67944e-12 0
14.4 1432.25 -4.74311e-13 0
14.45 1436.9 -2.46776e-12 0
14.5 1441.51 -5.12711e-12 0
14.55 1446.08 -1.97804e-12 0
14.6 1450.62 -1.04579e-12 0
14.65 1455.12 -1.42812e-12 0
14.7 1459.58 -2.64758e-12 0
14.75 1464 -4.64152e-12 0
14.8 1468.39 -2.3797e-12 0
14.85 1472.73 -2.35532e-12 0
14.9 1477.03 -4.24727e-12 0
14.95 1481.3 -4.6245e-12 0
15 1485.52 -3.33022e-12 0
15.05 1489.7 -1.99861e-12 0
15.1 1493.84 -2.27353e-12 0
15.15 1497.94 6.53943e-13 0
15.2 1501.99 4.99582e-12 0
15.25 1506 4.84025e-12 0
15.3 1509.96 6.10322e-12 0
15.35 1513.88 3.9949e-12 0
15.4 1517.75 1.72747e-12 0
15.45 1521.58 4.80153e-13 0
15.5 1525.36 -1.37382e-12 0
15.55 1529.09 -1.51565e-12 0
15.6 1532.76 -1.81207e-12 0
15.65 1536.39 -2.76971e-12 0
15.7 1539.97 3.15399e-12 0
15.75 1543.5 1.87357e-12 0
15.8 1546.97 -1.74765e-12 0
15.85 1550.39 -1.38115e-12 0
15.9 1553.75 -8.09493e-13 0
15.95 1557.05 -1.71392e-12 0
16 1560.3 -3.51269e-12 0
16.05 1563.48 -6.02287e-12 0
16.1 1566.6 -3.94276e-12 0
16.15 1569.66 -1.93272e-12 0
16.2 1572.65 -1.88203e-12 0
16.25 1575.57 -1.425e-12 0
16.3 1578.42 -6.16807e-13 0
16.35 1581.2 6.55089e-12 0
16.4 1583.89 1.13173e-11 0
16.45 1586.5 1.05265e-11 0
16.5 1589.02 7.04499e-12 0
16.55 1591.44 3.82342e-12 0
16.6 1593.75 3.98288e-12 0
16.65 1595.93 5.29353e-12 0
16.7 1597.95 2.44066e-12 0
16.75 1599.76 9.08212e-13 0
16.8 1601.39 2.56479e-12 0
16.85 1603.13 2.56176e-12 0
16.9 1605.1 3.87354e-12 0
16.95 1607.26 2.8035e-12 0
17 1609.57 2.06271e-12 0
17.05 1612 2.80231e-12 0
17.1 1614.54 1.26411e-12 0
17.15 1617.19 -4.85767e-13 0
17.2 1619.93 1.90408e-13 0
17.25 1622.76 1.46031e-12 0
17.3 1625.69 3.98916e-13 0
17.35 1628.7 1.30242e-12 0
17.4 1631.8 3.81201e-12 0
17.45 1634.98 5.5135e-12 0
17.5 1638.24 6.02892e-12 0
17.55 1641.58 5.12485e-12 0
17.6 1645.01 2.82499e-12 0
17.65 1648.52 2.05773e-12 0
17.7 1652.1 2.35811e-12 0
17.75 1655.77 -2.02622e-12 0
17.8 1659.52 -5.49354e-12 0
17.85 1663.35 -5.95692e-12 0
17.9 1667.26 -5.75415e-12 0
17.95 1671.26 -3.68517e-12 0
18 1675.34 -2.51247e-12 0
18.05 1679.5 -3.55382e-12 0
18.1 1683.75 -5.88634e-12 0
18.15 1688.09 -4.97572e-12 0
18.2 1692.52 -1.26847e-12 0
18.25 1697.05 4.31276e-13 0
18.3 1701.66 7.7649e-14 0
18.35 1706.37 -5.86312e-13 0
18.4 1711.18 3.46389e-13 0
18.45 1716.09 6.87864e-13 0
18.5 1721.1 -1.54724e-12 0
18.55 1726.22 -3.58019e-12 0
18.6 1731.46 -1.70527e-12 0
18.65 1736.8 -7.01792e-13 0
18.7 1742.26 -4.51287e-12 0
18.75 1747.85 -4.58238e-12 0
18.8 1753.56 -2.53726e-12 0
18.85 1759.41 -3.52154e-12 0
18.9 1765.39 -3.25883e-12 0
18.95 1771.52 -2.83696e-12 0
19 1777.81 -2.19695e-12 0
19.05 1784.25 9.45685e-13 0
19.1 1790.87 3.35892e-12 0
19.15 1797.66 2.63495e-12 0
19.2 1804.65 1.82144e-12 0
19.25 1811.85 3.02051e-12 0
19.3 1819.27 4.29038e-12 0
19.35 1826.93 4.64839e-12 0
19.4 1834.85 1.78662e-12 0
19.45 1843.05 -1.04513e-12 0
19.5 1851.58 4.85182e-13 0
19.55 1860.45 8.29066e-13 0
19.6 1869.73 3.15234e-13 0
19.65 1879.45 1.29725e-12 0
19.7 1889.71 1.57213e-12 0
19.75 1900.61 2.50879e-12 0
19.8 1912.28 2.29753e-12 0
19.85 1924.94 1.57054e-12 0
19.9 1938.96 2.7174e-12 0
19.95 1955.03 1.00913e-12 0
20 1974.94 -1.83673e-12 0
