0.05 2.99922 0.0167829 -0.0167829
0.1 6.99609 0.03344 -0.03344
0.15 10.9905 0.0498473 -0.0498473
0.2 14.9823 0.0658836 -0.0658836
0.25 18.9717 0.0814325 -0.0814325
0.3 22.9585 0.0963835 -0.0963835
0.35 26.9428 0.110633 -0.110633
0.4 30.9247 0.124088 -0.124088
0.45 34.904 0.136661 -0.136661
0.5 38.8807 0.14828 -0.14828
0.55 42.855 0.158878 -0.158878
0.6 46.8267 0.168406 -0.168406
0.65 50.7959 0.176823 -0.176823
0.7 54.7626 0.184101 -0.184101
0.75 58.7267 0.190223 -0.190223
0.8 62.6883 0.195187 -0.195187
0.85 66.6474 0.199 -0.199
0.9 70.6039 0.20168 -0.20168
0.95 74.5579 0.203256 -0.203256
1 78.5093 0.203767 -0.203767
1.05 82.4582 0.203259 -0.203259
1.1 86.4045 0.201788 -0.201788
1.15 90.3483 0.199414 -0.199414
1.2 94.2895 0.196204 -0.196204
1.25 98.2282 0.192229 -0.192229
1.3 102.164 0.187564 -0.187564
1.35 106.098 0.182285 -0.182285
1.4 110.029 0.17647 -0.17647
1.45 113.957 0.170196 -0.170196
1.5 117.883 0.16354 -0.16354
1.55 121.806 0.156579 -0.156579
1.6 125.727 0.149383 -0.149383
1.65 129.645 0.142024 -0.142024
1.7 133.561 0.134566 -0.134566
1.75 137.474 0.127072 -0.127072
1.8 141.384 0.119598 -0.119598
1.85 145.292 0.112196 -0.112196
1.9 149.197 0.104912 -0.104912
1.95 153.1 0.097789 -0.097789
2 157 0.0908621 -0.0908621
2.05 160.897 0.0841625 -0.0841625
2.1 164.792 0.0777161 -0.0777161
2.15 168.684 0.0715438 -0.0715438
2.2 172.573 0.0656619 -0.0656619
2.25 176.46 0.0600821 -0.0600821
2.3 180.345 0.0548122 -0.0548122
2.35 184.227 0.0498563 -0.0498563
2.4 188.106 0.0452148 -0.0452148
2.45 191.982 0.0408854 -0.0408854
2.5 195.856 0.036863 -0.036863
2.55 199.727 0.0331402 -0.0331402
2.6 203.596 0.0297076 -0.0297076
2.65 207.462 0.0265543 -0.0265543
2.7 211.325 0.0236681 -0.0236681
2.75 215.186 0.0210359 -0.0210359
2.8 219.044 0.0186435 -0.0186435
2.85 222.899 0.0164768 -0.0164768
2.9 226.752 0.0145212 -0.0145212
2.95 230.602 0.012762 -0.012762
3 234.45 0.0111847 -0.0111847
3.05 238.295 0.00977525 -0.00977525
3.1 242.137 0.00851982 -0.00851982
3.15 245.976 0.0074052 -0.0074052
3.2 249.813 0.00641875 -0.00641875
3.25 253.647 0.00554849 -0.00554849
3.3 257.479 0.00478315 -0.00478315
3.35 261.308 0.00411216 -0.00411216
3.4 265.134 0.00352571 -0.00352571
3.45 268.957 0.00301472 -0.00301472
3.5 272.778 0.00257083 -0.00257083
3.55 276.596 0.00218639 -0.00218639
3.6 280.412 0.00185445 -0.00185445
3.65 284.225 0.00156868 -0.00156868
3.7 288.035 0.0013234 -0.0013234
3.75 291.842 0.0011135 -0.0011135
3.8 295.647 0.000934383 -0.000934383
3.85 299.449 0.000781997 -0.000781997
3.9 303.248 0.000652725 -0.000652725
3.95 307.044 0.000543378 -0.000543378
4 310.838 0.000451153 -0.000451153
4.05 314.629 0.000373591 -0.000373591
4.1 318.418 0.000308547 -0.000308547
4.15 322.203 0.000254156 -0.000254156
4.2 325.986 0.000208803 -0.000208803
4.25 329.767 0.000171092 -0.000171092
4.3 333.544 0.000139824 -0.000139824
4.35 337.319 0.000113972 -0.000113972
4.4 341.091 9.26559e-05 -9.26559e-05
4.45 344.86 7.513e-05 -7.513e-05
4.5 348.627 6.07601e-05 -6.07601e-05
4.55 352.391 4.90107e-05 -4.90107e-05
4.6 356.152 3.94304e-05 -3.94304e-05
4.65 359.91 3.16403e-05 -3.16403e-05
4.7 363.666 2.53233e-05 -2.53233e-05
4.75 367.419 2.02149e-05 -2.02149e-05
4.8 371.17 1.60952e-05 -1.60952e-05
4.85 374.921 1.27819e-05 -1.27819e-05
4.9 378.673 1.01244e-05 -1.01244e-05
4.95 382.431 7.99869e-06 -7.99867e-06
5 386.204 6.30299e-06 -6.30297e-06
5.05 390.003 4.95396e-06 -4.95394e-06
5.1 393.839 3.88363e-06 -3.88361e-06
5.15 397.725 3.0367e-06 -3.03669e-06
5.2 401.669 2.36836e-06 -2.36836e-06
5.25 405.676 1.84236e-06 -1.84237e-06
5.3 409.746 1.4295e-06 -1.42952e-06
5.35 413.881 1.10631e-06 -1.10633e-06
5.4 418.076 8.54e-07 -8.54021e-07
5.45 422.331 6.57542e-07 -6.57561e-07
5.5 426.642 5.04987e-07 -5.04999e-07
5.55 431.007 3.86835e-07 -3.86842e-07
5.6 435.424 2.95571e-07 -2.95572e-07
5.65 439.891 2.25265e-07 -2.2526e-07
5.7 444.405 1.71248e-07 -1.71236e-07
5.75 448.966 1.29855e-07 -1.29836e-07
5.8 453.571 9.82146e-08 -9.81948e-08
5.85 458.22 7.40953e-08 -7.40753e-08
5.9 462.91 5.57577e-08 -5.57381e-08
5.95 467.642 4.1851e-08 -4.18335e-08
6 472.413 3.13339e-08 -3.13178e-08
6.05 477.224 2.33949e-08 -2.33859e-08
6.1 482.072 1.74204e-08 -1.74185e-08
6.15 486.957 1.29358e-08 -1.2941e-08
6.2 491.879 9.57938e-09 -9.59001e-09
6.25 496.836 7.07268e-09 -7.08874e-09
6.3 501.828 5.20623e-09 -5.22659e-09
6.35 506.853 3.83068e-09 -3.84385e-09
6.4 511.912 2.81152e-09 -2.81978e-09
6.45 517.004 2.05414e-09 -2.06331e-09
6.5 522.127 1.495e-09 -1.50596e-09
6.55 527.282 1.08433e-09 -1.09639e-09
6.6 532.468 7.84328e-10 -7.96197e-10
6.65 537.684 5.6905e-10 -5.76737e-10
6.7 542.929 4.18007e-10 -4.16715e-10
6.75 548.204 3.09904e-10 -3.00334e-10
6.8 553.507 2.26507e-10 -2.15911e-10
6.85 558.838 1.63777e-10 -1.54828e-10
6.9 564.196 1.20381e-10 -1.10747e-10
6.95 569.582 9.09156e-11 -7.90166e-11
7 574.994 6.87279e-11 -5.62358e-11
7.05 580.431 5.00535e-11 -3.99223e-11
7.1 585.895 3.54981e-11 -2.827e-11
7.15 591.383 2.35656e-11 -1.99685e-11
7.2 596.896 1.85252e-11 -1.40693e-11
7.25 602.433 1.57583e-11 -9.88807e-12
7.3 607.993 1.42915e-11 -6.93202e-12
7.35 613.576 1.50265e-11 -4.84751e-12
7.4 619.182 1.20947e-11 -3.38134e-12
7.45 624.811 5.09934e-12 -2.35272e-12
7.5 630.461 9.8684e-13 -1.63292e-12
7.55 636.132 1.71076e-12 -1.1305e-12
7.6 641.824 -1.10857e-12 -7.80715e-13
7.65 647.537 -4.74375e-12 -5.37807e-13
7.7 653.269 -5.13838e-12 -3.69552e-13
7.75 659.021 -8.70332e-12 -2.53302e-13
7.8 664.792 -1.63655e-11 -1.73188e-13
7.85 670.582 -1.91143e-11 -1.18117e-13
7.9 676.389 -1.79593e-11 -8.03565e-14
7.95 682.215 -1.59351e-11 -5.45316e-14
8 688.058 -1.50096e-11 -3.69141e-14
8.05 693.918 -1.7817e-11 -2.49261e-14
8.1 699.795 -1.79455e-11 -1.67893e-14
8.15 705.687 -2.07187e-11 -1.12806e-14
8.2 711.595 -2.45754e-11 -7.56048e-15
8.25 717.519 -2.43824e-11 -5.05459e-15
8.3 723.457 -2.72141e-11 -3.37088e-15
8.35 729.409 -2.78129e-11 -2.24244e-15
8.4 735.376 -2.64209e-11 -1.48805e-15
8.45 741.356 -2.60549e-11 -9.85003e-16
8.5 747.349 -2.2328e-11 -6.50397e-16
8.55 753.355 -1.90192e-11 -4.28393e-16
8.6 759.374 -1.51278e-11 -2.81468e-16
8.65 765.404 -1.04358e-11 -1.84475e-16
8.7 771.445 -6.57759e-12 -1.20606e-16
8.75 777.498 -5.09894e-13 -7.86548e-17
8.8 783.561 -2.33438e-13 -5.11688e-17
8.85 789.635 -5.30344e-12 -3.32058e-17
8.9 795.718 -7.42516e-12 -2.14953e-17
8.95 801.811 -9.13412e-12 -1.38804e-17
9 807.913 -8.84559e-12 -8.94111e-18
9.05 814.023 -6.29554e-12 -5.74518e-18
9.1 820.141 -9.76021e-13 -3.68239e-18
9.15 826.268 4.66226e-12 -2.35446e-18
9.2 832.401 5.0365e-12 -1.50198e-18
9.25 838.541 7.51939e-12 -9.55768e-19
9.3 844.688 1.09841e-11 -6.06911e-19
9.35 850.841 9.93402e-12 -3.84542e-19
9.4 857 6.73132e-12 -2.43009e-19
9.45 863.164 2.91661e-12 -1.53173e-19
9.5 869.333 1.22595e-12 -9.63234e-20
9.55 875.506 -2.14097e-12 -6.04077e-20
9.6 881.684 -7.25472e-12 -3.78379e-20
9.65 887.865 -7.63645e-12 -2.36815e-20
9.7 894.049 -3.96307e-12 -1.49366e-20
9.75 900.236 3.08416e-13 -9.3116e-21
9.8 906.425 4.88127e-12 -5.87332e-21
9.85 912.617 7.20727e-12 -3.78494e-21
9.9 918.81 4.49484e-12 -2.70516e-21
9.95 925.004 2.27215e-12 -2.06875e-21
10 931.199 1.96698e-12 -1.68506e-21
10.05 937.394 8.16516e-13 0
10.1 943.59 1.2053e-12 0
10.15 949.784 2.88023e-12 0
10.2 955.978 1.32668e-12 0
10.25 962.171 -2.24701e-12 0
10.3 968.362 -6.29177e-13 0
10.35 974.551 2.84769e-12 0
10.4 980.737 4.02783e-12 0
10.45 986.921 5.01675e-12 0
10.5 993.101 3.6043e-12 0
10.55 999.278 8.97368e-13 0
10.6 1005.45 -2.75897e-12 0
10.65 1011.62 -5.5227e-12 0
10.7 1017.78 -4.53243e-12 0
10.75 1023.94 -3.53817e-12 0
10.8 1030.09 -5.67478e-13 0
10.85 1036.24 5.22137e-12 0
10.9 1042.37 8.2148e-12 0
10.95 1048.51 8.40046e-12 0
11 1054.63 6.46404e-12 0
11.05 1060.75 3.68942e-12 0
11.1 1066.86 3.73784e-12 0
11.15 1072.96 1.34572e-12 0
11.2 1079.05 -3.21262e-12 0
11.25 1085.13 -3.78741e-12 0
11.3 1091.2 -6.39044e-12 0
11.35 1097.26 -7.08095e-12 0
11.4 1103.32 -3.1138e-12 0
11.45 1109.36 -3.1717e-12 0
11.5 1115.39 -2.46808e-12 0
11.55 1121.4 -8.04415e-13 0
11.6 1127.41 1.5209e-12 0
11.65 1133.4 6.75825e-12 0
11.7 1139.38 6.97353e-12 0
11.75 1145.34 6.42437e-12 0
11.8 1151.3 6.8814e-12 0
11.85 1157.23 1.88936e-12 0
11.9 1163.16 -1.52324e-12 0
11.95 1169.07 7.10775e-14 0
12 1174.96 1.92795e-12 0
12.05 1180.84 6.15956e-13 0
12.1 1186.7 -4.11135e-12 0
12.15 1192.54 -6.62651e-12 0
12.2 1198.37 -5.32785e-12 0
12.25 1204.18 -4.53925e-12 0
12.3 1209.97 -3.42149e-12 0
12.35 1215.74 -5.3533e-13 0
12.4 1221.5 -9.29884e-13 0
12.45 1227.23 -2.13709e-12 0
12.5 1232.95 -1.97272e-12 0
12.55 1238.65 -3.97508e-12 0
12.6 1244.33 -6.7096e-12 0
12.65 1249.98 -6.93558e-12 0
12.7 1255.62 -5.47317e-12 0
12.75 1261.23 -2.47e-12 0
12.8 1266.82 -6.55793e-13 0
12.85 1272.39 2.91793e-12 0
12.9 1277.94 3.15467e-12 0
12.95 1283.47 -1.07889e-12 0
13 1288.97 -3.60731e-12 0
13.05 1294.44 -1.43333e-12 0
13.1 1299.9 -2.30534e-13 0
13.15 1305.33 7.53501e-13 0
13.2 1310.73 -8.31327e-13 0
13.25 1316.11 -2.18397e-12 0
13.3 1321.46 -3.73976e-12 0
13.35 1326.79 -3.37646e-12 0
13.4 1332.09 -3.92067e-12 0
13.45 1337.36 -4.34e-12 0
13.5 1342.6 -4.7222e-12 0
13.55 1347.82 -3.3162e-12 0
13.6 1353.01 -1.46862e-12 0
13.65 1358.17 1.019e-12 0
13.7 1363.3 4.23908e-12 0
13.75 1368.4 4.55073e-12 0
13.8 1373.48 4.84197e-12 0
13.85 1378.52 5.96305e-12 0
13.9 1383.53 5.37307e-12 0
13.95 1388.51 5.8998e-12 0
14 1393.46 1.15069e-11 0
14.05 1398.38 9.63353e-12 0
14.1 1403.26 5.65862e-12 0
14.15 1408.11 3.4417e-12 0
14.2 1412.93 2.36729e-12 0
14.25 1417.71 3.73565e-12 0
14.3 1422.46 2.8218e-12 0
14.35 1427.18 -7.87167e-13 0
14.4 1431.86 -4.01827e-13 0
14.45 1436.51 4.77423e-13 0
14.5 1441.12 -1.49629e-12 0
14.55 1445.69 2.24081e-12 0
14.6 1450.22 3.11518e-12 0
14.65 1454.72 2.20062e-12 0
14.7 1459.18 -1.8457e-12 0
14.75 1463.6 -6.17225e-12 0
14.8 1467.99 -1.00886e-11 0
14.85 1472.33 -7.09439e-12 0
14.9 1476.63 -6.59079e-12 0
14.95 1480.9 -3.87259e-12 0
15 1485.12 -3.8575e-12 0
15.05 1489.3 -3.3858e-12 0
15.1 1493.44 -4.7714e-12 0
15.15 1497.53 -7.42714e-13 0
15.2 1501.58 -3.58919e-12 0
15.25 1505.59 -3.65214e-12 0
15.3 1509.55 -4.54418e-12 0
15.35 1513.47 -1.40839e-12 0
15.4 1517.34 -1.93295e-13 0
15.45 1521.17 1.68621e-12 0
15.5 1524.94 1.54871e-12 0
15.55 1528.67 4.61428e-12 0
15.6 1532.35 5.39967e-12 0
15.65 1535.97 -4.24909e-14 0
15.7 1539.55 -1.69297e-12 0
15.75 1543.07 -1.79234e-12 0
15.8 1546.54 2.59615e-12 0
15.85 1549.96 5.39479e-12 0
15.9 1553.31 6.87238e-12 0
15.95 1556.62 3.39156e-12 0
16 1559.86 2.99651e-12 0
16.05 1563.04 3.96554e-12 0
16.1 1566.16 5.52473e-12 0
16.15 1569.21 5.24143e-12 0
16.2 1572.2 2.80604e-12 0
16.25 1575.11 1.20798e-12 0
16.3 1577.96 -7.3592e-13 0
16.35 1580.73 -9.70694e-13 0
16.4 1583.41 -3.00076e-12 0
16.45 1586.01 -1.88819e-12 0
16.5 1588.52 -2.7094e-13 0
16.55 1590.93 3.06947e-12 0
16.6 1593.22 3.03841e-12 0
16.65 1595.39 3.12928e-14 0
16.7 1597.4 -1.23009e-12 0
16.75 1599.23 3.30737e-13 0
16.8 1600.98 2.58932e-12 0
16.85 1602.84 -1.21159e-12 0
16.9 1604.87 -1.32178e-12 0
16.95 1607.06 -1.77891e-12 0
17 1609.39 -2.01328e-12 0
17.05 1611.83 -7.24362e-13 0
17.1 1614.39 -1.53524e-13 0
17.15 1617.04 3.39685e-12 0
17.2 1619.79 4.8734e-12 0
17.25 1622.63 6.36448e-12 0
17.3 1625.56 3.59407e-12 0
17.35 1628.58 1.95015e-12 0
17.4 1631.68 1.45133e-12 0
17.45 1634.86 -3.16993e-13 0
17.5 1638.13 6.56521e-13 0
17.55 1641.48 -1.01146e-12 0
17.6 1644.91 2.98372e-13 0
17.65 1648.41 -9.11165e-13 0
17.7 1652 -3.90835e-12 0
17.75 1655.67 -1.44262e-12 0
17.8 1659.42 1.53491e-12 0
17.85 1663.26 3.35079e-12 0
17.9 1667.17 2.06994e-12 0
17.95 1671.17 3.10917e-12 0
18 1675.25 3.40738e-12 0
18.05 1679.42 1.51798e-12 0
18.1 1683.67 1.5276e-12 0
18.15 1688.01 -1.94888e-13 0
18.2 1692.44 1.13777e-12 0
18.25 1696.97 2.59787e-12 0
18.3 1701.58 8.96001e-13 0
18.35 1706.3 -8.36595e-13 0
18.4 1711.11 -2.11269e-12 0
18.45 1716.02 -3.05771e-12 0
18.5 1721.03 -6.21986e-12 0
18.55 1726.15 -5.24357e-12 0
18.6 1731.38 -1.89681e-12 0
18.65 1736.73 -1.73794e-12 0
18.7 1742.19 -6.93349e-13 0
18.75 1747.78 2.78093e-13 0
18.8 1753.49 1.5156e-12 0
18.85 1759.34 2.3541e-12 0
18.9 1765.32 3.12067e-12 0
18.95 1771.46 3.6498e-12 0
19 1777.74 2.79674e-12 0
19.05 1784.19 4.38849e-12 0
19.1 1790.8 4.48286e-12 0
19.15 1797.6 2.93642e-12 0
19.2 1804.59 2.00604e-12 0
19.25 1811.79 5.62426e-13 0
19.3 1819.21 1.97766e-12 0
19.35 1826.87 2.82623e-12 0
19.4 1834.79 2.27999e-12 0
19.45 1842.99 1.9035e-12 0
19.5 1851.52 1.07624e-12 0
19.55 1860.39 1.92888e-12 0
19.6 1869.67 3.5076e-13 0
19.65 1879.4 -1.50901e-12 0
19.7 1889.66 -8.32594e-14 0
19.75 1900.55 2.13563e-13 0
19.8 1912.22 -3.00714e-13 0
19.85 1924.89 -1.44506e-12 0
19.9 1938.91 -2.67827e-13 0
19.95 1954.97 2.71149e-12 0
20 1974.89 1.53297e-12 0
